Starting Dynare (version 5.3).
Calling Dynare with arguments: none
Starting preprocessing of the model file ...
Found 18 equation(s).
Evaluating expressions...done
Computing static model derivatives (order 1).
Computing dynamic model derivatives (order 1).
Processing outputs ...
done
Preprocessing completed.

    "Model with increased willingness to substitute between home and market (logs)"

    "The numbering of the equations is referenced to the P&P solutions."





Residuals of the static equations:

Equation number 1 : 0 : (114) Resource Constraint
Equation number 2 : 0 : (115) Household FOC w.r.t. hh
Equation number 3 : 0 : (116)Household FOC w.r.t. hm
Equation number 4 : 0 : (117) Household FOC w.r.t. kh
Equation number 5 : 0 : (118) Household FOC w.r.t. km
Equation number 6 : 0 : (119) Firm FOC w.r.t. km
Equation number 7 : 0 : (120) Firm FOC w.r.t. hm
Equation number 8 : 0 : (121) Market Output
Equation number 9 : 0 : (122) Total Consumption
Equation number 10 : 0 : (123) Leisure
Equation number 11 : 0 : (124) Home production
Equation number 12 : 0 : (125) Market Investments
Equation number 13 : 0 : (126) Home Investments
Equation number 14 : 0 : (127) Total Investments
Equation number 15 : 0 : (128) Total Capital
Equation number 16 : 0 : (129) Government Transfer
Equation number 17 : 0 : (130) Market Technology
Equation number 18 : 0 : (131) Home Technology



STEADY-STATE RESULTS:

C  		 -0.722219
cm 		 -0.822429
ch 		 -0.58591
l  		 -0.867501
hm 		 -1.10866
hh 		 -1.38629
k  		 1.6684
km 		 0.857967
kh 		 1.08022
x  		 -1.90095
xm 		 -2.71139
xh 		 -2.48913
r  		 -2.61047
T  		 -1.67983
w  		 0.230269
y  		 -0.529687
zm 		 0
zh 		 0

EIGENVALUES:
         Modulus             Real        Imaginary

         7.5e-15         -7.5e-15                0
            0.95             0.95                0
            0.95             0.95                0
          0.9591           0.9591                0
            1.12             1.12                0
        8.68e+13        -8.68e+13                0
       1.555e+16        1.555e+16                0
             Inf              Inf                0


There are 4 eigenvalue(s) larger than 1 in modulus 
for 4 forward-looking variable(s)

The rank condition is verified.

MODEL_DIAGNOSTICS:  No obvious problems with this mod-file were detected.
                                          Information about Base1_log (dynamic model)

The following variables appear with a lag and are therefore states:
km(-1)
kh(-1)
zm(-1)
zh(-1)

The following variables appear with a lead and are therefore forward-looking variables:
C(1)
cm(1)
ch(1)
r(1)

The following variables do not appear with a lead or lag and are therefore purely static variables:
l
hm
hh
k
x
xm
xh
T
w
y


MODEL SUMMARY

  Number of variables:         18
  Number of stochastic shocks: 2
  Number of state variables:   4
  Number of jumpers:           4
  Number of static variables:  10


MATRIX OF COVARIANCE OF EXOGENOUS SHOCKS
Variables          eh        em
eh           0.000098  0.000066
em           0.000066  0.000098

POLICY AND TRANSITION FUNCTIONS
                                   C              cm              ch               k              km              kh               x              xm              xh               l              hm              hh              zm              zh               r               w               y               T
Constant                   -0.722219       -0.822429       -0.585910        1.668404        0.857967        1.080222       -1.900952       -2.711389       -2.489134       -0.867501       -1.108663       -1.386294               0               0       -2.610470        0.230269       -0.529687       -1.679833
km(-1)                      0.137697        0.361555       -0.143761        0.449982        0.524917        0.389981        0.634315      -15.941289       13.906588       -0.025182        0.193278       -0.212821               0               0       -0.569223        0.237499        0.430777        0.312309
kh(-1)                      0.293173        0.122739        0.507462        0.500943        0.584364        0.434147       -1.384305       20.838183      -19.178101        0.127994       -0.368094        0.270854               0               0       -0.259727        0.108367       -0.259727       -0.313782
zm(-1)                      0.289002        0.783167       -0.332317        0.046266        0.751497       -0.518421        1.649820       26.798081      -18.486676       -0.077745        0.471643       -0.491958        0.950000               0        1.003111        0.531468        1.003111        1.211881
zh(-1)                      0.126914       -0.497042        0.911422        0.029681       -0.617947        0.548244        1.058419      -22.035742       19.550174       -0.123750       -0.144967        0.399256               0        0.950000       -0.102289        0.042678       -0.102289       -0.123577
eh                          0.133594       -0.523203        0.959392        0.031243       -0.650470        0.577099        1.114125      -23.195518       20.579130       -0.130263       -0.152597        0.420269               0        1.000000       -0.107672        0.044924       -0.107672       -0.130081
em                          0.304213        0.824386       -0.349808        0.048701        0.791049       -0.545706        1.736652       28.208506      -19.459659       -0.081836        0.496466       -0.517850        1.000000               0        1.055906        0.559440        1.055906        1.275664


MOMENTS OF SIMULATED VARIABLES (HP filter, lambda = 1600)
VARIABLE              MEAN       STD. DEV.        VARIANCE        SKEWNESS        KURTOSIS
C                -0.723281        0.005685        0.000032        0.196526        0.131441
cm               -0.831650        0.009353        0.000087       -0.006512       -0.160528
ch               -0.576713        0.012305        0.000151        0.100826       -0.155569
k                 1.663395        0.004167        0.000017        0.374451        0.104083
km                0.846144        0.008981        0.000081        0.015949       -0.097944
kh                1.080669        0.006542        0.000043        0.221187       -0.146942
x                -1.903940        0.039335        0.001547       -0.026955        0.217287
xm               -2.721017        0.193525        0.037452        0.044282        0.089079
xh               -2.486805        0.158807        0.025220       -0.006535       -0.031407
l                -0.867937        0.002827        0.000008        0.053750        0.271360
hm               -1.112957        0.007716        0.000060       -0.107425       -0.169589
hh               -1.379892        0.007384        0.000055        0.126703       -0.201894
zm               -0.001572        0.013412        0.000180        0.042164        0.245521
zh                0.007024        0.013487        0.000182        0.057305       -0.017576
r                -2.606223        0.013033        0.000170       -0.064601        0.255706
w                 0.226925        0.008487        0.000072        0.121529        0.169194
y                -0.537326        0.015554        0.000242        0.013397        0.018184
T                -1.686588        0.017838        0.000318       -0.002391        0.077275


CORRELATION OF SIMULATED VARIABLES (HP filter, lambda = 1600)
VARIABLE          C       cm       ch        k       km       kh        x       xm       xh        l       hm       hh       zm       zh        r        w        y        T
C            1.0000   0.5022   0.5631   0.5148   0.3809   0.1717   0.8734   0.2785   0.1178  -0.8749   0.5694  -0.2227   0.9029   0.8606   0.7871   0.9225   0.7859   0.8049
cm           0.5022   1.0000  -0.4319   0.4068   0.9337  -0.5597   0.6714   0.3563  -0.0482  -0.5294   0.9284  -0.9402   0.7051   0.0578   0.5405   0.7679   0.8796   0.8492
ch           0.5631  -0.4319   1.0000   0.1482  -0.4949   0.7139   0.2693  -0.0500   0.1689  -0.4067  -0.2934   0.6662   0.2679   0.8423   0.3044   0.2283  -0.0210   0.0280
k            0.5148   0.4068   0.1482   1.0000   0.6043   0.4827   0.2411  -0.0839   0.1894  -0.1715   0.1998  -0.1653   0.2511   0.2058  -0.0618   0.4365   0.3373   0.2847
km           0.3809   0.9337  -0.4949   0.6043   1.0000  -0.4062   0.4302   0.3483  -0.1480  -0.2669   0.7389  -0.8476   0.4903  -0.1312   0.2697   0.6020   0.6951   0.6471
kh           0.1717  -0.5597   0.7139   0.4827  -0.4062   1.0000  -0.1963  -0.4790   0.3798   0.0967  -0.5830   0.7420  -0.2509   0.3803  -0.3674  -0.1611  -0.3772  -0.3847
x            0.8734   0.6714   0.2693   0.2411   0.4302  -0.1963   1.0000   0.1735   0.2767  -0.9841   0.8401  -0.5259   0.9731   0.7439   0.8948   0.9645   0.9431   0.9584
xm           0.2785   0.3563  -0.0500  -0.0839   0.3483  -0.4790   0.1735   1.0000  -0.8984  -0.1099   0.2257  -0.2406   0.3895   0.0324   0.5052   0.2919   0.2712   0.3133
xh           0.1178  -0.0482   0.1689   0.1894  -0.1480   0.3798   0.2767  -0.8984   1.0000  -0.3317   0.1545   0.0002   0.0539   0.3001  -0.0938   0.1454   0.1560   0.1217
l           -0.8749  -0.5294  -0.4067  -0.1715  -0.2669   0.0967  -0.9841  -0.1099  -0.3317   1.0000  -0.7419   0.3802  -0.9440  -0.8347  -0.8951  -0.9183  -0.8691  -0.8939
hm           0.5694   0.9284  -0.2934   0.1998   0.7389  -0.5830   0.8401   0.2257   0.1545  -0.7419   1.0000  -0.9022   0.8224   0.2627   0.7135   0.8425   0.9558   0.9419
hh          -0.2227  -0.9402   0.6662  -0.1653  -0.8476   0.7420  -0.5259  -0.2406   0.0002   0.3802  -0.9022   1.0000  -0.5272   0.1745  -0.4085  -0.5715  -0.7594  -0.7243
zm           0.9029   0.7051   0.2679   0.2511   0.4903  -0.2509   0.9731   0.3895   0.0539  -0.9440   0.8224  -0.5272   1.0000   0.7195   0.9422   0.9767   0.9409   0.9637
zh           0.8606   0.0578   0.8423   0.2058  -0.1312   0.3803   0.7439   0.0324   0.3001  -0.8347   0.2627   0.1745   0.7195   1.0000   0.7076   0.6836   0.5034   0.5465
r            0.7871   0.5405   0.3044  -0.0618   0.2697  -0.3674   0.8948   0.5052  -0.0938  -0.8951   0.7135  -0.4085   0.9422   0.7076   1.0000   0.8482   0.8168   0.8643
w            0.9225   0.7679   0.2283   0.4365   0.6020  -0.1611   0.9645   0.2919   0.1454  -0.9183   0.8425  -0.5715   0.9767   0.6836   0.8482   1.0000   0.9636   0.9692
y            0.7859   0.8796  -0.0210   0.3373   0.6951  -0.3772   0.9431   0.2712   0.1560  -0.8691   0.9558  -0.7594   0.9409   0.5034   0.8168   0.9636   1.0000   0.9961
T            0.8049   0.8492   0.0280   0.2847   0.6471  -0.3847   0.9584   0.3133   0.1217  -0.8939   0.9419  -0.7243   0.9637   0.5465   0.8643   0.9692   0.9961   1.0000


AUTOCORRELATION OF SIMULATED VARIABLES (HP filter, lambda = 1600)
VARIABLE          1        2        3        4        5
C            0.7566   0.5397   0.3701   0.2254   0.0858
cm           0.8068   0.5728   0.4005   0.2473   0.1149
ch           0.7990   0.5357   0.3229   0.1509   0.0134
k            0.9623   0.8708   0.7433   0.5926   0.4303
km           0.8104   0.6306   0.4891   0.3429   0.2132
kh           0.7615   0.5436   0.3845   0.2212   0.0876
x            0.7444   0.4923   0.3158   0.1653   0.0356
xm          -0.0274  -0.1091   0.0152  -0.0410  -0.0623
xh          -0.0389  -0.1228   0.0084  -0.0621  -0.0720
l            0.7212   0.4716   0.2989   0.1482   0.0225
hm           0.8078   0.5423   0.3511   0.1909   0.0559
hh           0.8357   0.5670   0.3634   0.1946   0.0580
zm           0.7267   0.4835   0.3137   0.1736   0.0412
zh           0.7328   0.4834   0.2946   0.1364   0.0072
r            0.6864   0.4522   0.2958   0.1641   0.0350
w            0.7663   0.5328   0.3620   0.2168   0.0813
y            0.7841   0.5341   0.3551   0.2041   0.0699
T            0.7696   0.5182   0.3402   0.1915   0.0578



VARIANCE DECOMPOSITION SIMULATING ONE SHOCK AT A TIME (in percent) (HP filter, lambda = 1600)
                    eh                em  Tot. lin. contr.
C                74.43             21.04             95.47
cm                1.71             97.56             99.27
ch               79.86             27.87            107.73
k                38.00             52.51             90.52
km               13.36             85.63             98.99
kh               29.57             73.16            102.74
x                48.79             44.00             92.78
xm                9.18             94.62            103.80
xh               19.48             83.68            103.16
l                64.36             28.75             93.11
hm                5.23             91.94             97.17
hh                7.36             96.37            103.73
zm               44.99             48.53             93.52
zh              100.11              0.00            100.11
r                46.79             47.10             93.89
w                41.20             51.98             93.17
y                19.69             74.41             94.10
T                23.66             70.15             93.82
Note: numbers do not add up to 100 due to non-zero correlation of simulated shocks in small samples

Total computing time : 0h00m06s
