Starting Dynare (version 5.3).
Calling Dynare with arguments: none
Starting preprocessing of the model file ...
Found 18 equation(s).
Evaluating expressions...done
Computing static model derivatives (order 1).
Computing dynamic model derivatives (order 1).
Processing outputs ...
done
Preprocessing completed.





Residuals of the static equations:

Equation number 1 : 0 : Household FOC w.r.t. hh
Equation number 2 : 0 : Household FOC w.r.t. hm
Equation number 3 : 0 : Household FOC w.r.t. kh
Equation number 4 : 0 : Household FOC w.r.t. km
Equation number 5 : 0 : Firm FOC w.r.t. km
Equation number 6 : 0 : Firm FOC w.r.t. hm
Equation number 7 : 0 : Market Output
Equation number 8 : 0 : Home Output
Equation number 9 : 0 : Aggregate Consumption
Equation number 10 : 0 : Leisure
Equation number 11 : 0 : Market Investments
Equation number 12 : 0 : Home Investments
Equation number 13 : 0 : Aggregate Investments
Equation number 14 : 0 : Aggregate Capital
Equation number 15 : 0 : Government Lump Sum Transfer
Equation number 16 : 0 : Resource Constraint
Equation number 17 : 0 : Market Technology
Equation number 18 : 0 : Home Technology



STEADY-STATE RESULTS:

C  		 0.485673
cm 		 0.439363
ch 		 0.556599
k  		 5.3037
km 		 2.35836
kh 		 2.94533
x  		 0.149426
xm 		 0.0664445
xh 		 0.0829818
l  		 0.42
hm 		 0.33
hh 		 0.25
zm 		 1
zh 		 1
r  		 0.0735
w  		 1.25894
y  		 0.588789
T  		 0.186405

EIGENVALUES:
         Modulus             Real        Imaginary

         3.2e-15          3.2e-15                0
            0.95             0.95                0
            0.95             0.95                0
          0.9591           0.9591                0
            1.12             1.12                0
        4.89e+16        -4.89e+16                0
       5.618e+17        5.618e+17                0
             Inf             -Inf                0


There are 4 eigenvalue(s) larger than 1 in modulus 
for 4 forward-looking variable(s)

The rank condition is verified.

MODEL_DIAGNOSTICS:  No obvious problems with this mod-file were detected.
                                          Information about BaseLevelInclude (dynamic model)

The following variables appear with a lag and are therefore states:
km(-1)
kh(-1)
zm(-1)
zh(-1)

The following variables appear with a lead and are therefore forward-looking variables:
C(1)
cm(1)
ch(1)
r(1)

The following variables do not appear with a lead or lag and are therefore purely static variables:
k
x
xm
xh
l
hm
hh
w
y
T


MODEL SUMMARY

  Number of variables:         18
  Number of stochastic shocks: 2
  Number of state variables:   4
  Number of jumpers:           4
  Number of static variables:  10


MATRIX OF COVARIANCE OF EXOGENOUS SHOCKS
Variables          em        eh
em           0.004900  0.003267
eh           0.003267  0.004900

POLICY AND TRANSITION FUNCTIONS
                                   C              cm              ch               k              km              kh               x              xm              xh               l              hm              hh              zm              zh               r               w               y               T
Constant                    0.485673        0.439363        0.556599        5.303695        2.358362        2.945333        0.149426        0.066444        0.082982        0.420000        0.330000        0.250000        1.000000        1.000000        0.073500        1.258939        0.588789        0.186405
km(-1)                      0.028357        0.067358       -0.033929        1.011960        0.524917        0.487044        0.040190       -0.449130        0.489320       -0.004485        0.027045       -0.022560               0               0       -0.017740        0.126781        0.107548        0.024685
kh(-1)                      0.048343        0.018309        0.095898        0.902054        0.467907        0.434147       -0.070230        0.470094       -0.540324        0.018252       -0.041242        0.022990               0               0       -0.006481        0.046320       -0.051921       -0.019859
zm(-1)                      0.140361        0.344095       -0.184968        0.245380        1.772301       -1.526921        0.246526        1.780585       -1.534058       -0.032653        0.155642       -0.122989        0.950000               0        0.073729        0.669086        0.590621        0.225901
zh(-1)                      0.061639       -0.218382        0.507297        0.157420       -1.457342        1.614762        0.158156       -1.464153        1.622309       -0.051975       -0.047839        0.099814               0        0.950000       -0.007518        0.053729       -0.060226       -0.023035
em                          0.147748        0.362205       -0.194703        0.258294        1.865580       -1.607286        0.259502        1.874300       -1.614798       -0.034371        0.163834       -0.129463        1.000000               0        0.077609        0.704301        0.621706        0.237790
eh                          0.064883       -0.229876        0.533997        0.165705       -1.534044        1.699749        0.166480       -1.541214        1.707694       -0.054710       -0.050357        0.105067               0        1.000000       -0.007914        0.056557       -0.063396       -0.024248


MOMENTS OF SIMULATED VARIABLES (HP filter, lambda = 1600)
VARIABLE              MEAN       STD. DEV.        VARIANCE        SKEWNESS        KURTOSIS
C                 0.508584        0.019414        0.000377        0.071693       -0.091836
cm                0.486123        0.028691        0.000823        0.053504       -0.107203
ch                0.541387        0.048450        0.002347       -0.051269       -0.140551
k                 5.790195        0.145637        0.021210       -0.153297       -0.308011
km                2.714515        0.143962        0.020725        0.020247       -0.023236
kh                3.075680        0.136227        0.018558       -0.156252       -0.015078
x                 0.165617        0.041326        0.001708        0.093602       -0.008719
xm                0.077917        0.091506        0.008373        0.016351       -0.022078
xh                0.087700        0.091992        0.008463        0.020117       -0.004087
l                 0.419672        0.008323        0.000069       -0.090246        0.147631
hm                0.342940        0.018001        0.000324        0.121196       -0.103544
hh                0.237388        0.013046        0.000170       -0.134173       -0.088069
zm                1.049564        0.095161        0.009056        0.057305       -0.017576
zh                0.988905        0.094637        0.008956        0.042164        0.245521
r                 0.070304        0.006827        0.000047        0.028083        0.222455
w                 1.344174        0.075050        0.005632        0.053423       -0.205927
y                 0.651740        0.064469        0.004156        0.073416       -0.187096
T                 0.204648        0.023488        0.000552        0.078465       -0.141191


CORRELATION OF SIMULATED VARIABLES (HP filter, lambda = 1600)
VARIABLE          C       cm       ch        k       km       kh        x       xm       xh        l       hm       hh       zm       zh        r        w        y        T
C            1.0000   0.4931   0.5715   0.5035   0.3711   0.1461   0.8744   0.3174   0.0771  -0.8819   0.5599  -0.2100   0.9040   0.8712   0.8043   0.9202   0.7800   0.8011
cm           0.4931   1.0000  -0.4321   0.3624   0.9359  -0.6017   0.6854   0.3715  -0.0616  -0.5492   0.9358  -0.9409   0.7127   0.0657   0.5686   0.7681   0.8844   0.8557
ch           0.5715  -0.4321   1.0000   0.1801  -0.4981   0.7189   0.2600  -0.0214   0.1381  -0.3962  -0.3022   0.6698   0.2648   0.8411   0.2974   0.2294  -0.0257   0.0233
k            0.5035   0.3624   0.1801   1.0000   0.5575   0.4799   0.2397  -0.0913   0.1985  -0.1821   0.1755  -0.1260   0.2436   0.2310  -0.0448   0.4179   0.3149   0.2668
km           0.3711   0.9359  -0.4981   0.5575   1.0000  -0.4608   0.4529   0.3599  -0.1545  -0.2955   0.7567  -0.8557   0.5062  -0.1202   0.3111   0.6059   0.7069   0.6620
kh           0.1461  -0.6017   0.7189   0.4799  -0.4608   1.0000  -0.2224  -0.4780   0.3756   0.1177  -0.6121   0.7696  -0.2746   0.3740  -0.3766  -0.1935  -0.4103  -0.4143
x            0.8744   0.6854   0.2600   0.2397   0.4529  -0.2224   1.0000   0.2140   0.2364  -0.9849   0.8405  -0.5315   0.9735   0.7391   0.9006   0.9685   0.9460   0.9602
xm           0.3174   0.3715  -0.0214  -0.0913   0.3599  -0.4780   0.2140   1.0000  -0.8986  -0.1537   0.2481  -0.2442   0.4262   0.0751   0.5411   0.3286   0.3025   0.3459
xh           0.0771  -0.0616   0.1381   0.1985  -0.1545   0.3756   0.2364  -0.8986   1.0000  -0.2895   0.1308   0.0042   0.0134   0.2573  -0.1336   0.1082   0.1241   0.0873
l           -0.8819  -0.5492  -0.3962  -0.1821  -0.2955   0.1177  -0.9849  -0.1537  -0.2895   1.0000  -0.7446   0.3895  -0.9466  -0.8297  -0.8984  -0.9272  -0.8757  -0.8988
hm           0.5599   0.9358  -0.3022   0.1755   0.7567  -0.6121   0.8405   0.2481   0.1308  -0.7446   1.0000  -0.9048   0.8193   0.2565   0.7206   0.8395   0.9552   0.9406
hh          -0.2100  -0.9409   0.6698  -0.1260  -0.8557   0.7696  -0.5315  -0.2442   0.0042   0.3895  -0.9048   1.0000  -0.5266   0.1754  -0.4212  -0.5669  -0.7594  -0.7245
zm           0.9040   0.7127   0.2648   0.2436   0.5062  -0.2746   0.9735   0.4262   0.0134  -0.9466   0.8193  -0.5266   1.0000   0.7195   0.9496   0.9790   0.9412   0.9635
zh           0.8712   0.0657   0.8411   0.2310  -0.1202   0.3740   0.7391   0.0751   0.2573  -0.8297   0.2565   0.1754   0.7195   1.0000   0.7065   0.6893   0.5030   0.5455
r            0.8043   0.5686   0.2974  -0.0448   0.3111  -0.3766   0.9006   0.5411  -0.1336  -0.8984   0.7206  -0.4212   0.9496   0.7065   1.0000   0.8658   0.8303   0.8749
w            0.9202   0.7681   0.2294   0.4179   0.6059  -0.1935   0.9685   0.3286   0.1082  -0.9272   0.8395  -0.5669   0.9790   0.6893   0.8658   1.0000   0.9627   0.9693
y            0.7800   0.8844  -0.0257   0.3149   0.7069  -0.4103   0.9460   0.3025   0.1241  -0.8757   0.9552  -0.7594   0.9412   0.5030   0.8303   0.9627   1.0000   0.9963
T            0.8011   0.8557   0.0233   0.2668   0.6620  -0.4143   0.9602   0.3459   0.0873  -0.8988   0.9406  -0.7245   0.9635   0.5455   0.8749   0.9693   0.9963   1.0000


AUTOCORRELATION OF SIMULATED VARIABLES (HP filter, lambda = 1600)
VARIABLE          1        2        3        4        5
C            0.7530   0.5326   0.3644   0.2147   0.0811
cm           0.8053   0.5566   0.3575   0.1825   0.0441
ch           0.7908   0.5361   0.3555   0.2027   0.0693
k            0.9583   0.8568   0.7152   0.5495   0.3722
km           0.7934   0.5910   0.4272   0.2581   0.1161
kh           0.7673   0.5583   0.4066   0.2526   0.1267
x            0.7522   0.4985   0.3003   0.1451   0.0072
xm          -0.0077  -0.0974   0.0159  -0.0649  -0.0596
xh          -0.0484  -0.1258   0.0056  -0.0597  -0.0576
l            0.7266   0.4778   0.2904   0.1427   0.0067
hm           0.8180   0.5485   0.3292   0.1557   0.0146
hh           0.8379   0.5661   0.3514   0.1753   0.0355
zm           0.7328   0.4834   0.2946   0.1364   0.0072
zh           0.7267   0.4835   0.3137   0.1736   0.0412
r            0.6920   0.4499   0.2778   0.1224   0.0022
w            0.7694   0.5280   0.3348   0.1744   0.0367
y            0.7918   0.5342   0.3247   0.1568   0.0167
T            0.7780   0.5200   0.3133   0.1472   0.0099



VARIANCE DECOMPOSITION SIMULATING ONE SHOCK AT A TIME (in percent) (HP filter, lambda = 1600)
                    em                eh  Tot. lin. contr.
C                84.53             10.78             95.31
cm               64.86             43.10            107.95
ch                4.92             91.84             96.76
k                99.83              0.65            100.47
km               56.83             49.50            106.33
kh               36.01             67.56            103.57
x                96.54              4.42            100.96
xm               36.27             68.15            104.42
xh               21.93             83.67            105.61
l                89.82              9.14             98.96
hm               76.78             30.91            107.69
hh               37.35             70.36            107.71
zm              100.11              0.00            100.11
zh               44.99             48.53             93.52
r                97.91              1.36             99.28
w               100.46              0.58            101.03
y                95.41              9.54            104.94
T                97.63              6.47            104.10
Note: numbers do not add up to 100 due to non-zero correlation of simulated shocks in small samples

Total computing time : 0h00m13s
