Starting Dynare (version 5.3).
Calling Dynare with arguments: none
Starting preprocessing of the model file ...
Found 18 equation(s).
Evaluating expressions...done
Computing static model derivatives (order 1).
Computing dynamic model derivatives (order 1).
Processing outputs ...
done
Preprocessing completed.

    "The numbering of the equations is referenced to the P&P solutions."





Residuals of the static equations:

Equation number 1 : 0 : (41) Resource Constraint
Equation number 2 : 0 : (42) Household FOC w.r.t. hh
Equation number 3 : 0 : (43)Household FOC w.r.t. hm
Equation number 4 : 0 : (44) Household FOC w.r.t. kh
Equation number 5 : 0 : (45) Household FOC w.r.t. km
Equation number 6 : 0 : (46) Firm FOC w.r.t. km
Equation number 7 : 0 : (47) Firm FOC w.r.t. hm
Equation number 8 : 0 : (48) Market Output
Equation number 9 : 0 : (49) Total Consumption
Equation number 10 : 0 : (50) Leisure
Equation number 11 : 0 : (51) Home production
Equation number 12 : 0 : (52) Market Investments
Equation number 13 : 0 : (53) Home Investments
Equation number 14 : 0 : (54) Total Investments
Equation number 15 : 0 : (55) Total Capital
Equation number 16 : 0 : (56) Government Transfer
Equation number 17 : 0 : (57) Market Technology
Equation number 18 : 0 : (58) Home Technology



STEADY-STATE RESULTS:

C  		 0.485673
cm 		 0.439363
ch 		 0.556599
l  		 0.42
hm 		 0.33
hh 		 0.25
k  		 5.3037
km 		 2.35836
kh 		 2.94533
x  		 0.149426
xm 		 0.0664445
xh 		 0.0829818
r  		 0.0735
T  		 0.186405
w  		 1.25894
y  		 0.588789
zm 		 1
zh 		 1

EIGENVALUES:
         Modulus             Real        Imaginary

       1.799e-14        1.799e-14                0
            0.95             0.95                0
            0.95             0.95                0
          0.9591           0.9591                0
            1.12             1.12                0
        4.89e+16        -4.89e+16                0
       1.236e+17        1.236e+17                0
       2.275e+19       -2.275e+19                0


There are 4 eigenvalue(s) larger than 1 in modulus 
for 4 forward-looking variable(s)

The rank condition is verified.

MODEL_DIAGNOSTICS:  No obvious problems with this mod-file were detected.
                                          Information about Base1_Level (dynamic model)

The following variables appear with a lag and are therefore states:
km(-1)
kh(-1)
zm(-1)
zh(-1)

The following variables appear with a lead and are therefore forward-looking variables:
C(1)
cm(1)
ch(1)
r(1)

The following variables do not appear with a lead or lag and are therefore purely static variables:
l
hm
hh
k
x
xm
xh
T
w
y


MODEL SUMMARY

  Number of variables:         18
  Number of stochastic shocks: 2
  Number of state variables:   4
  Number of jumpers:           4
  Number of static variables:  10


MATRIX OF COVARIANCE OF EXOGENOUS SHOCKS
Variables          eh        em
eh           0.000098  0.000066
em           0.000066  0.000098

POLICY AND TRANSITION FUNCTIONS
                                   C              cm              ch               k              km              kh               x              xm              xh               l              hm              hh              zm              zh               r               w               y               T
Constant                    0.485673        0.439363        0.556599        5.303695        2.358362        2.945333        0.149426        0.066444        0.082982        0.420000        0.330000        0.250000        1.000000        1.000000        0.073500        1.258939        0.588789        0.186405
km(-1)                      0.028357        0.067358       -0.033929        1.011960        0.524917        0.487044        0.040190       -0.449130        0.489320       -0.004485        0.027045       -0.022560               0               0       -0.017740        0.126781        0.107548        0.024685
kh(-1)                      0.048343        0.018309        0.095898        0.902054        0.467907        0.434147       -0.070230        0.470094       -0.540324        0.018252       -0.041242        0.022990               0               0       -0.006481        0.046320       -0.051921       -0.019859
zm(-1)                      0.140361        0.344095       -0.184968        0.245380        1.772301       -1.526921        0.246526        1.780585       -1.534058       -0.032653        0.155642       -0.122989        0.950000               0        0.073729        0.669086        0.590621        0.225901
zh(-1)                      0.061639       -0.218382        0.507297        0.157420       -1.457342        1.614762        0.158156       -1.464153        1.622309       -0.051975       -0.047839        0.099814               0        0.950000       -0.007518        0.053729       -0.060226       -0.023035
eh                          0.064883       -0.229876        0.533997        0.165705       -1.534044        1.699749        0.166480       -1.541214        1.707694       -0.054710       -0.050357        0.105067               0        1.000000       -0.007914        0.056557       -0.063396       -0.024248
em                          0.147748        0.362205       -0.194703        0.258294        1.865580       -1.607286        0.259502        1.874300       -1.614798       -0.034371        0.163834       -0.129463        1.000000               0        0.077609        0.704301        0.621706        0.237790


MOMENTS OF SIMULATED VARIABLES (HP filter, lambda = 1600)
VARIABLE              MEAN       STD. DEV.        VARIANCE        SKEWNESS        KURTOSIS
C                 0.485158        0.002761        0.000008        0.196526        0.131441
cm                0.435312        0.004109        0.000017       -0.006512       -0.160528
ch                0.561718        0.006849        0.000047        0.100826       -0.155569
k                 5.277130        0.022099        0.000488        0.374451        0.104083
km                2.330479        0.021181        0.000449        0.015949       -0.097944
kh                2.946650        0.019269        0.000371        0.221187       -0.146942
x                 0.148980        0.005878        0.000035       -0.026955        0.217287
xm                0.065805        0.012859        0.000165        0.044282        0.089079
xh                0.083175        0.013178        0.000174       -0.006535       -0.031407
l                 0.419817        0.001187        0.000001        0.053750        0.271360
hm                0.328583        0.002546        0.000006       -0.107425       -0.169589
hh                0.251601        0.001846        0.000003        0.126703       -0.201894
zm                0.998428        0.013412        0.000180        0.042164        0.245521
zh                1.007024        0.013487        0.000182        0.057305       -0.017576
r                 0.073812        0.000958        0.000001       -0.064601        0.255706
w                 1.254728        0.010684        0.000114        0.121529        0.169194
y                 0.584292        0.009158        0.000084        0.013397        0.018184
T                 0.185146        0.003325        0.000011       -0.002391        0.077275


CORRELATION OF SIMULATED VARIABLES (HP filter, lambda = 1600)
VARIABLE          C       cm       ch        k       km       kh        x       xm       xh        l       hm       hh       zm       zh        r        w        y        T
C            1.0000   0.5022   0.5631   0.5148   0.3809   0.1717   0.8734   0.2785   0.1178  -0.8749   0.5694  -0.2227   0.9029   0.8606   0.7871   0.9225   0.7859   0.8049
cm           0.5022   1.0000  -0.4319   0.4068   0.9337  -0.5597   0.6714   0.3563  -0.0482  -0.5294   0.9284  -0.9402   0.7051   0.0578   0.5405   0.7679   0.8796   0.8492
ch           0.5631  -0.4319   1.0000   0.1482  -0.4949   0.7139   0.2693  -0.0500   0.1689  -0.4067  -0.2934   0.6662   0.2679   0.8423   0.3044   0.2283  -0.0210   0.0280
k            0.5148   0.4068   0.1482   1.0000   0.6043   0.4827   0.2411  -0.0839   0.1894  -0.1715   0.1998  -0.1653   0.2511   0.2058  -0.0618   0.4365   0.3373   0.2847
km           0.3809   0.9337  -0.4949   0.6043   1.0000  -0.4062   0.4302   0.3483  -0.1480  -0.2669   0.7389  -0.8476   0.4903  -0.1312   0.2697   0.6020   0.6951   0.6471
kh           0.1717  -0.5597   0.7139   0.4827  -0.4062   1.0000  -0.1963  -0.4790   0.3798   0.0967  -0.5830   0.7420  -0.2509   0.3803  -0.3674  -0.1611  -0.3772  -0.3847
x            0.8734   0.6714   0.2693   0.2411   0.4302  -0.1963   1.0000   0.1735   0.2767  -0.9841   0.8401  -0.5259   0.9731   0.7439   0.8948   0.9645   0.9431   0.9584
xm           0.2785   0.3563  -0.0500  -0.0839   0.3483  -0.4790   0.1735   1.0000  -0.8984  -0.1099   0.2257  -0.2406   0.3895   0.0324   0.5052   0.2919   0.2712   0.3133
xh           0.1178  -0.0482   0.1689   0.1894  -0.1480   0.3798   0.2767  -0.8984   1.0000  -0.3317   0.1545   0.0002   0.0539   0.3001  -0.0938   0.1454   0.1560   0.1217
l           -0.8749  -0.5294  -0.4067  -0.1715  -0.2669   0.0967  -0.9841  -0.1099  -0.3317   1.0000  -0.7419   0.3802  -0.9440  -0.8347  -0.8951  -0.9183  -0.8691  -0.8939
hm           0.5694   0.9284  -0.2934   0.1998   0.7389  -0.5830   0.8401   0.2257   0.1545  -0.7419   1.0000  -0.9022   0.8224   0.2627   0.7135   0.8425   0.9558   0.9419
hh          -0.2227  -0.9402   0.6662  -0.1653  -0.8476   0.7420  -0.5259  -0.2406   0.0002   0.3802  -0.9022   1.0000  -0.5272   0.1745  -0.4085  -0.5715  -0.7594  -0.7243
zm           0.9029   0.7051   0.2679   0.2511   0.4903  -0.2509   0.9731   0.3895   0.0539  -0.9440   0.8224  -0.5272   1.0000   0.7195   0.9422   0.9767   0.9409   0.9637
zh           0.8606   0.0578   0.8423   0.2058  -0.1312   0.3803   0.7439   0.0324   0.3001  -0.8347   0.2627   0.1745   0.7195   1.0000   0.7076   0.6836   0.5034   0.5465
r            0.7871   0.5405   0.3044  -0.0618   0.2697  -0.3674   0.8948   0.5052  -0.0938  -0.8951   0.7135  -0.4085   0.9422   0.7076   1.0000   0.8482   0.8168   0.8643
w            0.9225   0.7679   0.2283   0.4365   0.6020  -0.1611   0.9645   0.2919   0.1454  -0.9183   0.8425  -0.5715   0.9767   0.6836   0.8482   1.0000   0.9636   0.9692
y            0.7859   0.8796  -0.0210   0.3373   0.6951  -0.3772   0.9431   0.2712   0.1560  -0.8691   0.9558  -0.7594   0.9409   0.5034   0.8168   0.9636   1.0000   0.9961
T            0.8049   0.8492   0.0280   0.2847   0.6471  -0.3847   0.9584   0.3133   0.1217  -0.8939   0.9419  -0.7243   0.9637   0.5465   0.8643   0.9692   0.9961   1.0000


AUTOCORRELATION OF SIMULATED VARIABLES (HP filter, lambda = 1600)
VARIABLE          1        2        3        4        5
C            0.7566   0.5397   0.3701   0.2254   0.0858
cm           0.8068   0.5728   0.4005   0.2473   0.1149
ch           0.7990   0.5357   0.3229   0.1509   0.0134
k            0.9623   0.8708   0.7433   0.5926   0.4303
km           0.8104   0.6306   0.4891   0.3429   0.2132
kh           0.7615   0.5436   0.3845   0.2212   0.0876
x            0.7444   0.4923   0.3158   0.1653   0.0356
xm          -0.0274  -0.1091   0.0152  -0.0410  -0.0623
xh          -0.0389  -0.1228   0.0084  -0.0621  -0.0720
l            0.7212   0.4716   0.2989   0.1482   0.0225
hm           0.8078   0.5423   0.3511   0.1909   0.0559
hh           0.8357   0.5670   0.3634   0.1946   0.0580
zm           0.7267   0.4835   0.3137   0.1736   0.0412
zh           0.7328   0.4834   0.2946   0.1364   0.0072
r            0.6864   0.4522   0.2958   0.1641   0.0350
w            0.7663   0.5328   0.3620   0.2168   0.0813
y            0.7841   0.5341   0.3551   0.2041   0.0699
T            0.7696   0.5182   0.3402   0.1915   0.0578



VARIANCE DECOMPOSITION SIMULATING ONE SHOCK AT A TIME (in percent) (HP filter, lambda = 1600)
                    eh                em  Tot. lin. contr.
C                74.43             21.04             95.47
cm                1.71             97.56             99.27
ch               79.86             27.87            107.73
k                38.00             52.51             90.52
km               13.36             85.63             98.99
kh               29.57             73.16            102.74
x                48.79             44.00             92.78
xm                9.18             94.62            103.80
xh               19.48             83.68            103.16
l                64.36             28.75             93.11
hm                5.23             91.94             97.17
hh                7.36             96.37            103.73
zm               44.99             48.53             93.52
zh              100.11              0.00            100.11
r                46.79             47.10             93.89
w                41.20             51.98             93.17
y                19.69             74.41             94.10
T                23.66             70.15             93.82
Note: numbers do not add up to 100 due to non-zero correlation of simulated shocks in small samples

Total computing time : 0h00m06s
