Starting Dynare (version 5.3).
Calling Dynare with arguments: none
Starting preprocessing of the model file ...
Found 18 equation(s).
Evaluating expressions...done
Computing static model derivatives (order 1).
Computing dynamic model derivatives (order 1).
Processing outputs ...
done
Preprocessing completed.





Residuals of the static equations:

Equation number 1 : 0 : (41) Resource Constraint
Equation number 2 : 0 : (42) Household FOC w.r.t. hh
Equation number 3 : 0 : (43)Household FOC w.r.t. hm
Equation number 4 : 0 : (44) Household FOC w.r.t. kh
Equation number 5 : 0 : (45) Household FOC w.r.t. km
Equation number 6 : 0 : (46) Firm FOC w.r.t. km
Equation number 7 : 0 : (47) Firm FOC w.r.t. hm
Equation number 8 : 0 : (48) Market Output
Equation number 9 : 0 : (49) Total Consumption
Equation number 10 : 0 : (50) Leisure
Equation number 11 : 0 : (51) Home production
Equation number 12 : 0 : (52) Market Investments
Equation number 13 : 0 : (53) Home Investments
Equation number 14 : 0 : (54) Total Investments
Equation number 15 : 0 : (55) Total Capital
Equation number 16 : 0 : (56) Government Transfer
Equation number 17 : 0 : (57) Market Technology
Equation number 18 : 0 : (58) Home Technology



STEADY-STATE RESULTS:

C  		 0.486558
cm 		 0.439363
ch 		 0.556599
l  		 0.42
hm 		 0.33
hh 		 0.25
k  		 5.3037
km 		 2.35836
kh 		 2.94533
x  		 0.149426
xm 		 0.0664445
xh 		 0.0829818
r  		 0.0735
T  		 0.186405
w  		 1.25894
y  		 0.588789
zm 		 1
zh 		 1

EIGENVALUES:
         Modulus             Real        Imaginary

       9.297e-15        9.297e-15                0
            0.95             0.95                0
            0.95             0.95                0
          0.9589           0.9589                0
           1.118            1.118                0
       1.394e+17       -1.394e+17                0
       6.553e+17        6.553e+17                0
             Inf             -Inf                0


There are 4 eigenvalue(s) larger than 1 in modulus 
for 4 forward-looking variable(s)

The rank condition is verified.

MODEL_DIAGNOSTICS:  No obvious problems with this mod-file were detected.
                                          Information about Base2_level (dynamic model)

The following variables appear with a lag and are therefore states:
km(-1)
kh(-1)
zm(-1)
zh(-1)

The following variables appear with a lead and are therefore forward-looking variables:
C(1)
cm(1)
ch(1)
r(1)

The following variables do not appear with a lead or lag and are therefore purely static variables:
l
hm
hh
k
x
xm
xh
T
w
y


MODEL SUMMARY

  Number of variables:         18
  Number of stochastic shocks: 2
  Number of state variables:   4
  Number of jumpers:           4
  Number of static variables:  10


MATRIX OF COVARIANCE OF EXOGENOUS SHOCKS
Variables          eh        em
eh           0.000098  0.000000
em           0.000000  0.000098

POLICY AND TRANSITION FUNCTIONS
                                   C              cm              ch               k              km              kh               x              xm              xh               l              hm              hh              zm              zh               r               w               y               T
Constant                    0.486558        0.439363        0.556599        5.303695        2.358362        2.945333        0.149426        0.066444        0.082982        0.420000        0.330000        0.250000        1.000000        1.000000        0.073500        1.258939        0.588789        0.186405
km(-1)                      0.023863        0.050782       -0.019265        1.019977        0.502155        0.517822        0.048245       -0.471998        0.520242       -0.007466        0.020276       -0.012810               0               0       -0.018804        0.134383        0.099027        0.021426
kh(-1)                      0.050281        0.027188        0.086533        0.899576        0.442879        0.456697       -0.072720        0.444949       -0.517669        0.019404       -0.036166        0.016763               0               0       -0.005684        0.040619       -0.045531       -0.017415
zm(-1)                      0.099165        0.234133       -0.116857        0.333634        0.923501       -0.589867        0.335193        0.927818       -0.592624       -0.061026        0.138727       -0.077701        0.950000               0        0.071070        0.688084        0.569326        0.217756
zh(-1)                      0.109788       -0.085262        0.419306        0.057235       -0.477688        0.534924        0.057503       -0.479921        0.537424       -0.019257       -0.022050        0.041307               0        0.950000       -0.003465        0.024765       -0.027760       -0.010617
eh                          0.115566       -0.089750        0.441375        0.060248       -0.502830        0.563078        0.060529       -0.505180        0.565709       -0.020271       -0.023210        0.043481               0        1.000000       -0.003648        0.026068       -0.029221       -0.011176
em                          0.104385        0.246455       -0.123007        0.351194        0.972107       -0.620913        0.352835        0.976650       -0.623815       -0.064238        0.146028       -0.081790        1.000000               0        0.074811        0.724299        0.599290        0.229217


MOMENTS OF SIMULATED VARIABLES (HP filter, lambda = 1600)
VARIABLE              MEAN       STD. DEV.        VARIANCE        SKEWNESS        KURTOSIS
C                 0.483260        0.002241        0.000005        0.223077        0.252554
cm                0.432765        0.003550        0.000013       -0.061546       -0.109628
ch                0.558593        0.006810        0.000046        0.110248       -0.145664
k                 5.209651        0.021485        0.000462        0.247038       -0.307371
km                2.301614        0.017350        0.000301        0.037146       -0.044582
kh                2.908037        0.014551        0.000212        0.233092       -0.388470
x                 0.146868        0.005404        0.000029       -0.114991       -0.205688
xm                0.064872        0.009622        0.000093       -0.007377        0.065997
xh                0.081997        0.008907        0.000079        0.014737       -0.125011
l                 0.420096        0.001043        0.000001        0.132824       -0.175886
hm                0.328812        0.002321        0.000005       -0.152431       -0.218164
hh                0.251093        0.001416        0.000002        0.142758       -0.135341
zm                0.991608        0.012529        0.000157       -0.071352       -0.172101
zh                1.007024        0.013487        0.000182        0.057305       -0.017576
r                 0.074126        0.000895        0.000001       -0.111809       -0.151102
w                 1.243896        0.010010        0.000100       -0.021979       -0.181878
y                 0.579634        0.008680        0.000075       -0.091783       -0.206668
T                 0.183837        0.003167        0.000010       -0.100797       -0.211027


CORRELATION OF SIMULATED VARIABLES (HP filter, lambda = 1600)
VARIABLE          C       cm       ch        k       km       kh        x       xm       xh        l       hm       hh       zm       zh        r        w        y        T
C            1.0000   0.2918   0.6076   0.4742   0.2796   0.3669   0.5560   0.1352   0.1912  -0.5930   0.3031  -0.0602   0.5544   0.7960   0.4361   0.5948   0.4655   0.4690
cm           0.2918   1.0000  -0.5824   0.4608   0.9233  -0.4205   0.8740   0.4898   0.0011  -0.8106   0.9458  -0.9534   0.8939  -0.3055   0.7481   0.9305   0.9532   0.9387
ch           0.6076  -0.5824   1.0000   0.0204  -0.5291   0.6609  -0.2532  -0.2918   0.1616   0.1691  -0.5277   0.7405  -0.2711   0.9302  -0.2505  -0.2671  -0.3959  -0.3809
k            0.4742   0.4608   0.0204   1.0000   0.7389   0.5955   0.2582  -0.1165   0.2826  -0.1933   0.2219  -0.2213   0.2554   0.0437  -0.0765   0.4512   0.3492   0.2916
km           0.2796   0.9233  -0.5291   0.7389   1.0000  -0.1013   0.6807   0.3312   0.0551  -0.5943   0.7602  -0.8085   0.7036  -0.3465   0.4623   0.8133   0.8014   0.7643
kh           0.3669  -0.4205   0.6609   0.5955  -0.1013   1.0000  -0.4303  -0.5670   0.3515   0.4231  -0.5788   0.6372  -0.4619   0.4778  -0.6641  -0.3035  -0.4399  -0.4807
x            0.5560   0.8740  -0.2532   0.2582   0.6807  -0.4303   1.0000   0.4083   0.1655  -0.9930   0.9554  -0.8349   0.9832   0.1067   0.9035   0.9719   0.9801   0.9852
xm           0.1352   0.4898  -0.2918  -0.1165   0.3312  -0.5670   0.4083   1.0000  -0.8326  -0.3730   0.4479  -0.4596   0.5622  -0.1881   0.6876   0.4465   0.4546   0.4970
xh           0.1912   0.0011   0.1616   0.2826   0.0551   0.3515   0.1655  -0.8326   1.0000  -0.1994   0.0957  -0.0100  -0.0109   0.2679  -0.1947   0.1072   0.1035   0.0608
l           -0.5930  -0.8106   0.1691  -0.1933  -0.5943   0.4231  -0.9930  -0.3730  -0.1994   1.0000  -0.9234   0.7773  -0.9675  -0.1980  -0.9084  -0.9440  -0.9498  -0.9596
hm           0.3031   0.9458  -0.5277   0.2219   0.7602  -0.5788   0.9554   0.4479   0.0957  -0.9234   1.0000  -0.9592   0.9462  -0.1905   0.8696   0.9353   0.9816   0.9815
hh          -0.0602  -0.9534   0.7405  -0.2213  -0.8085   0.6372  -0.8349  -0.4596  -0.0100   0.7773  -0.9592   1.0000  -0.8386   0.4580  -0.7565  -0.8380  -0.9097  -0.9022
zm           0.5544   0.8939  -0.2711   0.2554   0.7036  -0.4619   0.9832   0.5622  -0.0109  -0.9675   0.9462  -0.8386   1.0000   0.0705   0.9392   0.9756   0.9777   0.9884
zh           0.7960  -0.3055   0.9302   0.0437  -0.3465   0.4778   0.1067  -0.1881   0.2679  -0.1980  -0.1905   0.4580   0.0705   1.0000   0.0800   0.0600  -0.0585  -0.0388
r            0.4361   0.7481  -0.2505  -0.0765   0.4623  -0.6641   0.9035   0.6876  -0.1947  -0.9084   0.8696  -0.7565   0.9392   0.0800   1.0000   0.8409   0.8685   0.9028
w            0.5948   0.9305  -0.2671   0.4512   0.8133  -0.3035   0.9719   0.4465   0.1072  -0.9440   0.9353  -0.8380   0.9756   0.0600   0.8409   1.0000   0.9856   0.9807
y            0.4655   0.9532  -0.3959   0.3492   0.8014  -0.4399   0.9801   0.4546   0.1035  -0.9498   0.9816  -0.9097   0.9777  -0.0585   0.8685   0.9856   1.0000   0.9973
T            0.4690   0.9387  -0.3809   0.2916   0.7643  -0.4807   0.9852   0.4970   0.0608  -0.9596   0.9815  -0.9022   0.9884  -0.0388   0.9028   0.9807   0.9973   1.0000


AUTOCORRELATION OF SIMULATED VARIABLES (HP filter, lambda = 1600)
VARIABLE          1        2        3        4        5
C            0.7664   0.5507   0.3820   0.2361   0.0957
cm           0.7725   0.5457   0.3811   0.2243   0.0980
ch           0.7820   0.5194   0.3107   0.1384   0.0017
k            0.9649   0.8777   0.7558   0.6129   0.4595
km           0.8403   0.6761   0.5332   0.3840   0.2515
kh           0.8081   0.6179   0.4655   0.3055   0.1701
x            0.7795   0.5195   0.3377   0.1826   0.0495
xm           0.0091  -0.0796   0.0272  -0.0490  -0.0425
xh           0.0003  -0.0923   0.0172  -0.0641  -0.0501
l            0.7752   0.5133   0.3315   0.1781   0.0452
hm           0.7996   0.5324   0.3386   0.1732   0.0385
hh           0.8018   0.5355   0.3361   0.1645   0.0304
zm           0.7139   0.4733   0.3185   0.1727   0.0499
zh           0.7328   0.4834   0.2946   0.1364   0.0072
r            0.6506   0.4214   0.2900   0.1523   0.0389
w            0.7708   0.5385   0.3747   0.2249   0.0945
y            0.7823   0.5309   0.3525   0.1953   0.0635
T            0.7631   0.5113   0.3375   0.1825   0.0532



VARIANCE DECOMPOSITION SIMULATING ONE SHOCK AT A TIME (in percent) (HP filter, lambda = 1600)
                    eh                em  Tot. lin. contr.
C                59.56             36.47             96.03
cm               13.69             91.04            104.72
ch               92.75             12.87            105.62
k                 0.16            100.22            100.38
km               15.30             88.40            103.70
kh               27.28             77.61            104.89
x                 1.32             97.90             99.22
xm               25.86             80.12            105.98
xh               38.25             66.07            104.32
l                 3.15             94.61             97.77
hm                8.51             95.15            103.65
hh               28.67             78.18            106.85
zm                0.00            100.11            100.11
zh              100.11              0.00            100.11
r                 0.44            100.02            100.46
w                 0.18             99.93            100.11
y                 2.36             99.38            101.74
T                 1.61             99.88            101.49
Note: numbers do not add up to 100 due to non-zero correlation of simulated shocks in small samples

Total computing time : 0h00m07s
