Starting Dynare (version 5.3).
Calling Dynare with arguments: none
Starting preprocessing of the model file ...
Found 18 equation(s).
Evaluating expressions...done
Computing static model derivatives (order 1).
Computing dynamic model derivatives (order 1).
Processing outputs ...
done
Preprocessing completed.

    "Model with increased incentive to substitute between home and market (logs)"

    "The numbering of the equations is referenced to the P&P solutions."





Residuals of the static equations:

Equation number 1 : 0 : (114) Resource Constraint
Equation number 2 : 0 : (115) Household FOC w.r.t. hh
Equation number 3 : 0 : (116)Household FOC w.r.t. hm
Equation number 4 : 0 : (117) Household FOC w.r.t. kh
Equation number 5 : 0 : (118) Household FOC w.r.t. km
Equation number 6 : 0 : (119) Firm FOC w.r.t. km
Equation number 7 : 0 : (120) Firm FOC w.r.t. hm
Equation number 8 : 0 : (121) Market Output
Equation number 9 : 0 : (122) Total Consumption
Equation number 10 : 0 : (123) Leisure
Equation number 11 : 0 : (124) Home production
Equation number 12 : 0 : (125) Market Investments
Equation number 13 : 0 : (126) Home Investments
Equation number 14 : 0 : (127) Total Investments
Equation number 15 : 0 : (128) Total Capital
Equation number 16 : 0 : (129) Government Transfer
Equation number 17 : 0 : (130) Market Technology
Equation number 18 : 0 : (131) Home Technology



STEADY-STATE RESULTS:

C  		 -0.7204
cm 		 -0.822429
ch 		 -0.58591
l  		 -0.867501
hm 		 -1.10866
hh 		 -1.38629
k  		 1.6684
km 		 0.857967
kh 		 1.08022
x  		 -1.90095
xm 		 -2.71139
xh 		 -2.48913
r  		 -2.61047
T  		 -1.67983
w  		 0.230269
y  		 -0.529687
zm 		 0
zh 		 0

EIGENVALUES:
         Modulus             Real        Imaginary

       1.418e-15       -1.418e-15                0
            0.95             0.95                0
            0.95             0.95                0
          0.9589           0.9589                0
           1.118            1.118                0
       1.052e+14       -1.052e+14                0
             Inf              Inf                0
             Inf              Inf                0


There are 4 eigenvalue(s) larger than 1 in modulus 
for 4 forward-looking variable(s)

The rank condition is verified.

MODEL_DIAGNOSTICS:  No obvious problems with this mod-file were detected.
                                          Information about Base2_log (dynamic model)

The following variables appear with a lag and are therefore states:
km(-1)
kh(-1)
zm(-1)
zh(-1)

The following variables appear with a lead and are therefore forward-looking variables:
C(1)
cm(1)
ch(1)
r(1)

The following variables do not appear with a lead or lag and are therefore purely static variables:
l
hm
hh
k
x
xm
xh
T
w
y


MODEL SUMMARY

  Number of variables:         18
  Number of stochastic shocks: 2
  Number of state variables:   4
  Number of jumpers:           4
  Number of static variables:  10


MATRIX OF COVARIANCE OF EXOGENOUS SHOCKS
Variables          eh        em
eh           0.000098  0.000000
em           0.000000  0.000098

POLICY AND TRANSITION FUNCTIONS
                                   C              cm              ch               k              km              kh               x              xm              xh               l              hm              hh              zm              zh               r               w               y               T
Constant                   -0.720400       -0.822429       -0.585910        1.668404        0.857967        1.080222       -1.900952       -2.711389       -2.489134       -0.867501       -1.108663       -1.386294               0               0       -2.610470        0.230269       -0.529687       -1.679833
km(-1)                      0.115665        0.272582       -0.081629        0.453547        0.502155        0.414626        0.761435      -16.752951       14.785401       -0.041925        0.144906       -0.120842               0               0       -0.603354        0.251740        0.396646        0.271074
kh(-1)                      0.304371        0.182260        0.457902        0.499567        0.553107        0.456697       -1.433371       19.723593      -18.373990        0.136073       -0.322795        0.197486               0               0       -0.227764        0.095031       -0.227764       -0.275167
zm(-1)                      0.203810        0.532891       -0.209948        0.062906        0.391586       -0.200272        2.243202       13.963804       -7.141617       -0.145300        0.420385       -0.310803        0.950000               0        0.966943        0.546559        0.966943        1.168186
zh(-1)                      0.225642       -0.194059        0.753336        0.010792       -0.202551        0.181617        0.384824       -7.222889        6.476406       -0.045850       -0.066818        0.165228               0        0.950000       -0.047147        0.019671       -0.047147       -0.056959
eh                          0.237518       -0.204273        0.792986        0.011360       -0.213212        0.191176        0.405078       -7.603041        6.817269       -0.048263       -0.070335        0.173924               0        1.000000       -0.049628        0.020707       -0.049628       -0.059957
em                          0.214537        0.560938       -0.220997        0.066217        0.412196       -0.210812        2.361265       14.698741       -7.517491       -0.152948        0.442510       -0.327161        1.000000               0        1.017835        0.575325        1.017835        1.229669


MOMENTS OF SIMULATED VARIABLES (HP filter, lambda = 1600)
VARIABLE              MEAN       STD. DEV.        VARIANCE        SKEWNESS        KURTOSIS
C                -0.727178        0.004607        0.000021        0.223077        0.252554
cm               -0.837446        0.008081        0.000065       -0.061546       -0.109628
ch               -0.582329        0.012235        0.000150        0.110248       -0.145664
k                 1.650672        0.004051        0.000016        0.247038       -0.307371
km                0.833905        0.007357        0.000054        0.037146       -0.044582
kh                1.067559        0.004940        0.000024        0.233092       -0.388470
x                -1.918070        0.036162        0.001308       -0.114991       -0.205688
xm               -2.735062        0.144820        0.020973       -0.007377        0.065997
xh               -2.501004        0.107332        0.011520        0.014737       -0.125011
l                -0.867273        0.002483        0.000006        0.132824       -0.175886
hm               -1.112264        0.007034        0.000049       -0.152431       -0.218164
hh               -1.381923        0.005665        0.000032        0.142758       -0.135341
zm               -0.008392        0.012529        0.000157       -0.071352       -0.172101
zh                0.007024        0.013487        0.000182        0.057305       -0.017576
r                -2.601947        0.012177        0.000148       -0.111809       -0.151102
w                 0.218320        0.007951        0.000063       -0.021979       -0.181878
y                -0.545237        0.014742        0.000217       -0.091783       -0.206668
T                -1.693609        0.016989        0.000289       -0.100797       -0.211027


CORRELATION OF SIMULATED VARIABLES (HP filter, lambda = 1600)
VARIABLE          C       cm       ch        k       km       kh        x       xm       xh        l       hm       hh       zm       zh        r        w        y        T
C            1.0000   0.2918   0.6076   0.4742   0.2796   0.3669   0.5560   0.1352   0.1912  -0.5930   0.3031  -0.0602   0.5544   0.7960   0.4361   0.5948   0.4655   0.4690
cm           0.2918   1.0000  -0.5824   0.4608   0.9233  -0.4205   0.8740   0.4898   0.0011  -0.8106   0.9458  -0.9534   0.8939  -0.3055   0.7481   0.9305   0.9532   0.9387
ch           0.6076  -0.5824   1.0000   0.0204  -0.5291   0.6609  -0.2532  -0.2918   0.1616   0.1691  -0.5277   0.7405  -0.2711   0.9302  -0.2505  -0.2671  -0.3959  -0.3809
k            0.4742   0.4608   0.0204   1.0000   0.7389   0.5955   0.2582  -0.1165   0.2826  -0.1933   0.2219  -0.2213   0.2554   0.0437  -0.0765   0.4512   0.3492   0.2916
km           0.2796   0.9233  -0.5291   0.7389   1.0000  -0.1013   0.6807   0.3312   0.0551  -0.5943   0.7602  -0.8085   0.7036  -0.3465   0.4623   0.8133   0.8014   0.7643
kh           0.3669  -0.4205   0.6609   0.5955  -0.1013   1.0000  -0.4303  -0.5670   0.3515   0.4231  -0.5788   0.6372  -0.4619   0.4778  -0.6641  -0.3035  -0.4399  -0.4807
x            0.5560   0.8740  -0.2532   0.2582   0.6807  -0.4303   1.0000   0.4083   0.1655  -0.9930   0.9554  -0.8349   0.9832   0.1067   0.9035   0.9719   0.9801   0.9852
xm           0.1352   0.4898  -0.2918  -0.1165   0.3312  -0.5670   0.4083   1.0000  -0.8326  -0.3730   0.4479  -0.4596   0.5622  -0.1881   0.6876   0.4465   0.4546   0.4970
xh           0.1912   0.0011   0.1616   0.2826   0.0551   0.3515   0.1655  -0.8326   1.0000  -0.1994   0.0957  -0.0100  -0.0109   0.2679  -0.1947   0.1072   0.1035   0.0608
l           -0.5930  -0.8106   0.1691  -0.1933  -0.5943   0.4231  -0.9930  -0.3730  -0.1994   1.0000  -0.9234   0.7773  -0.9675  -0.1980  -0.9084  -0.9440  -0.9498  -0.9596
hm           0.3031   0.9458  -0.5277   0.2219   0.7602  -0.5788   0.9554   0.4479   0.0957  -0.9234   1.0000  -0.9592   0.9462  -0.1905   0.8696   0.9353   0.9816   0.9815
hh          -0.0602  -0.9534   0.7405  -0.2213  -0.8085   0.6372  -0.8349  -0.4596  -0.0100   0.7773  -0.9592   1.0000  -0.8386   0.4580  -0.7565  -0.8380  -0.9097  -0.9022
zm           0.5544   0.8939  -0.2711   0.2554   0.7036  -0.4619   0.9832   0.5622  -0.0109  -0.9675   0.9462  -0.8386   1.0000   0.0705   0.9392   0.9756   0.9777   0.9884
zh           0.7960  -0.3055   0.9302   0.0437  -0.3465   0.4778   0.1067  -0.1881   0.2679  -0.1980  -0.1905   0.4580   0.0705   1.0000   0.0800   0.0600  -0.0585  -0.0388
r            0.4361   0.7481  -0.2505  -0.0765   0.4623  -0.6641   0.9035   0.6876  -0.1947  -0.9084   0.8696  -0.7565   0.9392   0.0800   1.0000   0.8409   0.8685   0.9028
w            0.5948   0.9305  -0.2671   0.4512   0.8133  -0.3035   0.9719   0.4465   0.1072  -0.9440   0.9353  -0.8380   0.9756   0.0600   0.8409   1.0000   0.9856   0.9807
y            0.4655   0.9532  -0.3959   0.3492   0.8014  -0.4399   0.9801   0.4546   0.1035  -0.9498   0.9816  -0.9097   0.9777  -0.0585   0.8685   0.9856   1.0000   0.9973
T            0.4690   0.9387  -0.3809   0.2916   0.7643  -0.4807   0.9852   0.4970   0.0608  -0.9596   0.9815  -0.9022   0.9884  -0.0388   0.9028   0.9807   0.9973   1.0000


AUTOCORRELATION OF SIMULATED VARIABLES (HP filter, lambda = 1600)
VARIABLE          1        2        3        4        5
C            0.7664   0.5507   0.3820   0.2361   0.0957
cm           0.7725   0.5457   0.3811   0.2243   0.0980
ch           0.7820   0.5194   0.3107   0.1384   0.0017
k            0.9649   0.8777   0.7558   0.6129   0.4595
km           0.8403   0.6761   0.5332   0.3840   0.2515
kh           0.8081   0.6179   0.4655   0.3055   0.1701
x            0.7795   0.5195   0.3377   0.1826   0.0495
xm           0.0091  -0.0796   0.0272  -0.0490  -0.0425
xh           0.0003  -0.0923   0.0172  -0.0641  -0.0501
l            0.7752   0.5133   0.3315   0.1781   0.0452
hm           0.7996   0.5324   0.3386   0.1732   0.0385
hh           0.8018   0.5355   0.3361   0.1645   0.0304
zm           0.7139   0.4733   0.3185   0.1727   0.0499
zh           0.7328   0.4834   0.2946   0.1364   0.0072
r            0.6506   0.4214   0.2900   0.1523   0.0389
w            0.7708   0.5385   0.3747   0.2249   0.0945
y            0.7823   0.5309   0.3525   0.1953   0.0635
T            0.7631   0.5113   0.3375   0.1825   0.0532



VARIANCE DECOMPOSITION SIMULATING ONE SHOCK AT A TIME (in percent) (HP filter, lambda = 1600)
                    eh                em  Tot. lin. contr.
C                59.56             36.47             96.03
cm               13.69             91.04            104.72
ch               92.75             12.87            105.62
k                 0.16            100.22            100.38
km               15.30             88.40            103.70
kh               27.28             77.61            104.89
x                 1.32             97.90             99.22
xm               25.86             80.12            105.98
xh               38.25             66.07            104.32
l                 3.15             94.61             97.77
hm                8.51             95.15            103.65
hh               28.67             78.18            106.85
zm                0.00            100.11            100.11
zh              100.11              0.00            100.11
r                 0.44            100.02            100.46
w                 0.18             99.93            100.11
y                 2.36             99.38            101.74
T                 1.61             99.88            101.49
Note: numbers do not add up to 100 due to non-zero correlation of simulated shocks in small samples

Total computing time : 0h00m06s
