Starting Dynare (version 5.3).
Calling Dynare with arguments: none
Starting preprocessing of the model file ...
Found 18 equation(s).
Evaluating expressions...done
Computing static model derivatives (order 1).
Computing dynamic model derivatives (order 1).
Processing outputs ...
done
Preprocessing completed.





Residuals of the static equations:

Equation number 1 : 0 : (41) Resource Constraint
Equation number 2 : 0.13039 : (150) Household FOC w.r.t. hh
Equation number 3 : 0.55471 : (43)Household FOC w.r.t. hm
Equation number 4 : -0.028591 : (151) Household FOC w.r.t. kh
Equation number 5 : 0 : (45) Household FOC w.r.t. km
Equation number 6 : 0 : (46) Firm FOC w.r.t. km
Equation number 7 : 0 : (47) Firm FOC w.r.t. hm
Equation number 8 : 0 : (48) Market Output
Equation number 9 : 0 : (49) Total Consumption
Equation number 10 : 0 : (50) Leisure
Equation number 11 : 0 : (152) Home production
Equation number 12 : 0 : (52) Market Investments
Equation number 13 : 0 : (53) Home Investments
Equation number 14 : 0 : (54) Total Investments
Equation number 15 : 0 : (55) Total Capital
Equation number 16 : 0 : (56) Government Transfer
Equation number 17 : 0 : (57) Market Technology
Equation number 18 : 0 : (58) Home Technology



STEADY-STATE RESULTS:

C  		 0.633288
cm 		 0.896006
ch 		 0.151051
l  		 0.323456
hm 		 0.575373
hh 		 0.101171
k  		 4.63478
km 		 4.11193
kh 		 0.52285
x  		 0.13058
xm 		 0.11585
xh 		 0.0147308
r  		 0.0735
T  		 0.325007
w  		 1.25894
y  		 1.02659
zm 		 1
zh 		 1

EIGENVALUES:
         Modulus             Real        Imaginary

       8.326e-15       -8.326e-15                0
            0.95             0.95                0
            0.95             0.95                0
           0.959            0.959                0
           1.114            1.114                0
       4.737e+14        4.737e+14                0
       8.199e+17       -8.199e+17                0
       1.854e+20        1.854e+20                0


There are 4 eigenvalue(s) larger than 1 in modulus 
for 4 forward-looking variable(s)

The rank condition is verified.

MODEL_DIAGNOSTICS:  No obvious problems with this mod-file were detected.
                                          Information about GeneralHomeProduction_Level (dynamic model)

The following variables appear with a lag and are therefore states:
km(-1)
kh(-1)
zm(-1)
zh(-1)

The following variables appear with a lead and are therefore forward-looking variables:
C(1)
cm(1)
ch(1)
r(1)

The following variables do not appear with a lead or lag and are therefore purely static variables:
l
hm
hh
k
x
xm
xh
T
w
y


MODEL SUMMARY

  Number of variables:         18
  Number of stochastic shocks: 2
  Number of state variables:   4
  Number of jumpers:           4
  Number of static variables:  10


MATRIX OF COVARIANCE OF EXOGENOUS SHOCKS
Variables          eh        em
eh           0.000098  0.000066
em           0.000066  0.000098

POLICY AND TRANSITION FUNCTIONS
                                   C              cm              ch               k              km              kh               x              xm              xh               l              hm              hh              zm              zh               r               w               y               T
Constant                    0.633288        0.896006        0.151051        4.634783        4.111933        0.522850        0.130580        0.115850        0.014731        0.323456        0.575373        0.101171        1.000000        1.000000        0.073500        1.258939        1.026586        0.325007
km(-1)                      0.049907        0.086511       -0.008862        0.962169        0.930913        0.031256       -0.009834       -0.041236        0.031402        0.004663        0.002523       -0.007186               0               0       -0.012385        0.088510        0.076677        0.012877
kh(-1)                      0.069104        0.009173        0.132195        0.864925        0.836828        0.028097       -0.107532        0.840740       -0.948272        0.011704       -0.078129        0.066425               0               0       -0.007042        0.050327       -0.098359       -0.037620
zm(-1)                      0.248780        0.473246       -0.099032        0.381047        0.916433       -0.535386        0.382828        0.920716       -0.537888       -0.053085        0.133392       -0.080307        0.950000               0        0.061292        0.757966        0.856074        0.327431
zh(-1)                      0.018217       -0.126898        0.203740        0.061758       -0.743197        0.804955        0.062047       -0.746670        0.808717       -0.017592       -0.051512        0.069105               0        0.950000       -0.004643        0.033182       -0.064851       -0.024804
eh                          0.019176       -0.133577        0.214463        0.065009       -0.782312        0.847321        0.065313       -0.785969        0.851281       -0.018518       -0.054223        0.072742               0        1.000000       -0.004887        0.034928       -0.068264       -0.026110
em                          0.261873        0.498153       -0.104244        0.401103        0.964666       -0.563564        0.402977        0.969175       -0.566198       -0.055879        0.140413       -0.084534        1.000000               0        0.064518        0.797859        0.901131        0.344664


MOMENTS OF SIMULATED VARIABLES (HP filter, lambda = 1600)
VARIABLE              MEAN       STD. DEV.        VARIANCE        SKEWNESS        KURTOSIS
C                 0.631726        0.003910        0.000015        0.194484        0.200135
cm                0.891402        0.005990        0.000036        0.138840        0.029797
ch                0.153804        0.003009        0.000009        0.108510       -0.103290
k                 4.607063        0.022448        0.000504        0.363966        0.090120
km                4.078269        0.023043        0.000531        0.214769       -0.036169
kh                0.528793        0.007972        0.000064        0.099371       -0.125517
x                 0.130103        0.006039        0.000036       -0.004171        0.232055
xm                0.115176        0.007747        0.000060        0.070248        0.135241
xh                0.014927        0.005892        0.000035        0.051256       -0.027715
l                 0.323325        0.000942        0.000001        0.016614        0.292385
hm                0.574224        0.001710        0.000003       -0.100766       -0.185179
hh                0.102452        0.001249        0.000002        0.136543       -0.084700
zm                0.998428        0.013412        0.000180        0.042164        0.245521
zh                1.007024        0.013487        0.000182        0.057305       -0.017576
r                 0.073743        0.000858        0.000001       -0.119925        0.275056
w                 1.255223        0.011249        0.000127        0.128236        0.202112
y                 1.021505        0.011682        0.000136        0.079641        0.124544
T                 0.323623        0.004411        0.000019        0.045118        0.159438


CORRELATION OF SIMULATED VARIABLES (HP filter, lambda = 1600)
VARIABLE          C       cm       ch        k       km       kh        x       xm       xh        l       hm       hh       zm       zh        r        w        y        T
C            1.0000   0.9299   0.2934   0.5527   0.4771   0.1774   0.9324   0.6778   0.0645  -0.9116   0.6960  -0.2653   0.9539   0.7358   0.8111   0.9896   0.9588   0.9492
cm           0.9299   1.0000  -0.0787   0.5638   0.6112  -0.1792   0.8863   0.6861   0.0063  -0.8124   0.8840  -0.5974   0.9032   0.4514   0.7580   0.9425   0.9709   0.9498
ch           0.2934  -0.0787   1.0000   0.0326  -0.2958   0.9467   0.2236   0.0538   0.1584  -0.3594  -0.4114   0.8339   0.2379   0.8214   0.2283   0.2326   0.0753   0.1040
k            0.5527   0.5638   0.0326   1.0000   0.9389   0.1019   0.2414   0.1769   0.0148  -0.1717   0.2283  -0.1830   0.2893   0.2036  -0.0310   0.4512   0.4139   0.3415
km           0.4771   0.6112  -0.2958   0.9389   1.0000  -0.2467   0.2042   0.2545  -0.1253  -0.0929   0.3941  -0.4693   0.2524  -0.0614  -0.0434   0.4025   0.4190   0.3435
kh           0.1774  -0.1792   0.9467   0.1019  -0.2467   1.0000   0.0895  -0.2375   0.4041  -0.2148  -0.4965   0.8414   0.0851   0.7506   0.0381   0.1070  -0.0456  -0.0314
x            0.9324   0.8863   0.2236   0.2414   0.2042   0.0895   1.0000   0.6602   0.1569  -0.9877   0.7959  -0.3448   0.9947   0.7220   0.9553   0.9724   0.9714   0.9855
xm           0.6778   0.6861   0.0538   0.1769   0.2545  -0.2375   0.6602   1.0000  -0.6382  -0.6424   0.5713  -0.2976   0.7212   0.3119   0.7153   0.6927   0.6931   0.7092
xh           0.0645   0.0063   0.1584   0.0148  -0.1253   0.4041   0.1569  -0.6382   1.0000  -0.1677   0.0647   0.0378   0.0713   0.3300   0.0387   0.0859   0.0844   0.0777
l           -0.9116  -0.8124  -0.3594  -0.1717  -0.0929  -0.2148  -0.9877  -0.6424  -0.1677   1.0000  -0.6985   0.2022  -0.9819  -0.8054  -0.9641  -0.9484  -0.9271  -0.9499
hm           0.6960   0.8840  -0.4114   0.2283   0.3941  -0.4965   0.7959   0.5713   0.0647  -0.6985   1.0000  -0.8420   0.7818   0.1686   0.7428   0.7687   0.8647   0.8580
hh          -0.2653  -0.5974   0.8339  -0.1830  -0.4693   0.8414  -0.3448  -0.2976   0.0378   0.2022  -0.8420   1.0000  -0.3298   0.3764  -0.2898  -0.3371  -0.4846  -0.4582
zm           0.9539   0.9032   0.2379   0.2893   0.2524   0.0851   0.9947   0.7212   0.0713  -0.9819   0.7818  -0.3298   1.0000   0.7195   0.9473   0.9846   0.9773   0.9890
zh           0.7358   0.4514   0.8214   0.2036  -0.0614   0.7506   0.7220   0.3119   0.3300  -0.8054   0.1686   0.3764   0.7195   1.0000   0.6713   0.7140   0.6047   0.6272
r            0.8111   0.7580   0.2283  -0.0310  -0.0434   0.0381   0.9553   0.7153   0.0387  -0.9641   0.7428  -0.2898   0.9473   0.6713   1.0000   0.8769   0.8825   0.9190
w            0.9896   0.9425   0.2326   0.4512   0.4025   0.1070   0.9724   0.6927   0.0859  -0.9484   0.7687  -0.3371   0.9846   0.7140   0.8769   1.0000   0.9860   0.9837
y            0.9588   0.9709   0.0753   0.4139   0.4190  -0.0456   0.9714   0.6931   0.0844  -0.9271   0.8647  -0.4846   0.9773   0.6047   0.8825   0.9860   1.0000   0.9964
T            0.9492   0.9498   0.1040   0.3415   0.3435  -0.0314   0.9855   0.7092   0.0777  -0.9499   0.8580  -0.4582   0.9890   0.6272   0.9190   0.9837   0.9964   1.0000


AUTOCORRELATION OF SIMULATED VARIABLES (HP filter, lambda = 1600)
VARIABLE          1        2        3        4        5
C            0.7697   0.5514   0.3854   0.2416   0.1030
cm           0.7753   0.5625   0.4071   0.2667   0.1319
ch           0.8332   0.5611   0.3395   0.1595   0.0145
k            0.9614   0.8698   0.7427   0.5929   0.4314
km           0.9403   0.8388   0.7126   0.5669   0.4143
kh           0.7210   0.4728   0.2955   0.1278   0.0071
x            0.7160   0.4713   0.3029   0.1640   0.0344
xm           0.3565   0.1977   0.1715   0.0644   0.0134
xh          -0.0531  -0.1307  -0.0150  -0.0845  -0.0378
l            0.7181   0.4712   0.2978   0.1570   0.0264
hm           0.7589   0.5053   0.3313   0.1818   0.0498
hh           0.8281   0.5626   0.3598   0.1887   0.0481
zm           0.7267   0.4835   0.3137   0.1736   0.0412
zh           0.7328   0.4834   0.2946   0.1364   0.0072
r            0.7264   0.4840   0.3156   0.1759   0.0434
w            0.7464   0.5159   0.3494   0.2083   0.0737
y            0.7399   0.5063   0.3431   0.2038   0.0717
T            0.7303   0.4906   0.3250   0.1859   0.0544



VARIANCE DECOMPOSITION SIMULATING ONE SHOCK AT A TIME (in percent) (HP filter, lambda = 1600)
                    eh                em  Tot. lin. contr.
C                51.99             41.67             93.66
cm               18.56             75.62             94.18
ch               78.18             28.97            107.15
k                36.96             53.55             90.51
km               30.04             61.91             91.95
kh               63.98             43.63            107.61
x                45.82             47.25             93.07
xm               29.83             72.58            102.41
xh               60.04             45.89            105.93
l                58.98             34.38             93.36
hm                4.90             93.21             98.11
hh               25.05             80.45            105.51
zm               44.99             48.53             93.52
zh              100.11              0.00            100.11
r                42.07             51.11             93.18
w                45.59             47.84             93.43
y                30.79             62.71             93.49
T                32.91             60.59             93.50
Note: numbers do not add up to 100 due to non-zero correlation of simulated shocks in small samples

Total computing time : 0h00m06s
