Starting Dynare (version 5.3).
Calling Dynare with arguments: none
Starting preprocessing of the model file ...
Found 18 equation(s).
Evaluating expressions...done
Computing static model derivatives (order 1).
Computing dynamic model derivatives (order 1).
Processing outputs ...
done
Preprocessing completed.

    "Model with a more general home production function and highly correlated technology shocks (logs)"

    "The numbering of the equations is referenced to the P&P solutions."

    "Replace (84) with (161) for steady state calculation"

    "Replace (91) with (162) for steady state calculation"

    "Replace (93) with (163) for steady state calculation"

    "Replace (95) with (164) for steady state calculation"





Residuals of the static equations:

Equation number 1 : 0 : (114) Resource Constraint
Equation number 2 : 0 : (166) Household FOC w.r.t. hh
Equation number 3 : 0 : (116)Household FOC w.r.t. hm
Equation number 4 : 0 : (168) Household FOC w.r.t. kh
Equation number 5 : 0 : (118) Household FOC w.r.t. km
Equation number 6 : 0 : (119) Firm FOC w.r.t. km
Equation number 7 : 0 : (120) Firm FOC w.r.t. hm
Equation number 8 : 0 : (121) Market Output
Equation number 9 : 0 : (122) Total Consumption
Equation number 10 : 0 : (123) Leisure
Equation number 11 : 0 : (175) Home production
Equation number 12 : 0 : (125) Market Investments
Equation number 13 : 0 : (126) Home Investments
Equation number 14 : 0 : (127) Total Investments
Equation number 15 : 0 : (128) Total Capital
Equation number 16 : 0 : (129) Government Transfer
Equation number 17 : 0 : (130) Market Technology
Equation number 18 : 0 : (131) Home Technology



STEADY-STATE RESULTS:

C  		 -0.824851
cm 		 -0.721662
ch 		 -0.985492
l  		 -0.867501
hm 		 -1.10866
hh 		 -1.38629
k  		 1.29483
km 		 0.857967
kh 		 0.256188
x  		 -2.27453
xm 		 -2.71139
xh 		 -3.31317
r  		 -2.61047
T  		 -1.67983
w  		 0.230269
y  		 -0.529687
zm 		 0
zh 		 0

EIGENVALUES:
         Modulus             Real        Imaginary

       1.523e-15        1.523e-15                0
            0.95             0.95                0
            0.95             0.95                0
          0.9577           0.9577                0
           1.138            1.138                0
       7.787e+15       -7.787e+15                0
       9.522e+15       -9.522e+15                0
       2.446e+18        2.446e+18                0


There are 4 eigenvalue(s) larger than 1 in modulus 
for 4 forward-looking variable(s)

The rank condition is verified.

MODEL_DIAGNOSTICS:  No obvious problems with this mod-file were detected.
                                          Information about GeneralHomeProduction_Log (dynamic model)

The following variables appear with a lag and are therefore states:
km(-1)
kh(-1)
zm(-1)
zh(-1)

The following variables appear with a lead and are therefore forward-looking variables:
C(1)
cm(1)
ch(1)
r(1)

The following variables do not appear with a lead or lag and are therefore purely static variables:
l
hm
hh
k
x
xm
xh
T
w
y


MODEL SUMMARY

  Number of variables:         18
  Number of stochastic shocks: 2
  Number of state variables:   4
  Number of jumpers:           4
  Number of static variables:  10


MATRIX OF COVARIANCE OF EXOGENOUS SHOCKS
Variables          eh        em
eh           0.000098  0.000097
em           0.000097  0.000098

POLICY AND TRANSITION FUNCTIONS
                                   C              cm              ch               k              km              kh               x              xm              xh               l              hm              hh              zm              zh               r               w               y               T
Constant                   -0.824851       -0.721662       -0.985492        1.294825        0.857967        0.256188       -2.274531       -2.711389       -3.313167       -0.867501       -1.108663       -1.386294               0               0       -2.610470        0.230269       -0.529687       -1.679833
km(-1)                      0.214894        0.442658       -0.172381        0.629962        0.825264        0.273464        0.071897       -5.231007        9.751622        0.031253        0.118334       -0.208706               0               0       -0.622103        0.259562        0.377897        0.248423
kh(-1)                      0.181987        0.058457        0.392031        0.305022        0.399586        0.132409       -1.390350       14.249071      -29.937966        0.059613       -0.275807        0.263917               0               0       -0.194610        0.081198       -0.194610       -0.235112
zm(-1)                      0.318308        0.757027       -0.427663        0.061214        0.477633       -0.698901        2.182870       17.032206      -24.922557       -0.065681        0.475853       -0.517782        0.950000               0        1.006082        0.530229        1.006082        1.215470
zh(-1)                      0.136449       -0.456513        1.144683        0.039696       -0.555795        1.126684        1.415556      -19.819442       40.177133       -0.115243       -0.183552        0.435897               0        0.950000       -0.129514        0.054038       -0.129514       -0.156469
eh                          0.143630       -0.480540        1.204930        0.041786       -0.585048        1.185984        1.490059      -20.862571       42.291719       -0.121308       -0.193213        0.458839               0        1.000000       -0.136331        0.056882       -0.136331       -0.164704
em                          0.335061        0.796871       -0.450171        0.064436        0.502771       -0.735686        2.297757       17.928638      -26.234270       -0.069138        0.500898       -0.545034        1.000000               0        1.059034        0.558136        1.059034        1.279442


MOMENTS OF SIMULATED VARIABLES (HP filter, lambda = 1600)
VARIABLE              MEAN       STD. DEV.        VARIANCE        SKEWNESS        KURTOSIS
C                -0.817941        0.006995        0.000049        0.072628       -0.164209
cm               -0.714879        0.004650        0.000022        0.096008       -0.162505
ch               -0.978363        0.012309        0.000152        0.076485       -0.064707
k                 1.305236        0.004343        0.000019       -0.007487       -0.164582
km                0.869525        0.005565        0.000031       -0.066419       -0.169032
kh                0.264504        0.006461        0.000042        0.036045       -0.250657
x                -2.261468        0.046122        0.002127        0.036989        0.095243
xm               -2.696747        0.071641        0.005132       -0.015828        0.065071
xh               -3.302987        0.156026        0.024344        0.110366        0.024763
l                -0.867901        0.002425        0.000006       -0.038572        0.130736
hm               -1.108051        0.003306        0.000011        0.023900        0.076999
hh               -1.386429        0.001927        0.000004        0.081835       -0.014768
zm                0.005770        0.013591        0.000185        0.057051        0.056263
zh                0.007024        0.013487        0.000182        0.057305       -0.017576
r                -2.614059        0.013494        0.000182        0.020868        0.300633
w                 0.237537        0.008323        0.000069        0.069691       -0.117124
y                -0.521808        0.011291        0.000127        0.060028       -0.049209
T                -1.672701        0.013905        0.000193        0.053219        0.024094


CORRELATION OF SIMULATED VARIABLES (HP filter, lambda = 1600)
VARIABLE          C       cm       ch        k       km       kh        x       xm       xh        l       hm       hh       zm       zh        r        w        y        T
C            1.0000   0.8965   0.9587   0.5461   0.0483   0.9611   0.9326   0.5031   0.3572  -0.9209   0.8071   0.1187   0.9693   0.9677   0.8683   0.9955   0.9702   0.9632
cm           0.8965   1.0000   0.7334   0.7490   0.3925   0.8054   0.7739   0.4286   0.2872  -0.7263   0.7806  -0.2327   0.8186   0.7802   0.6455   0.9001   0.8921   0.8548
ch           0.9587   0.7334   1.0000   0.3568  -0.1779   0.9574   0.9340   0.4968   0.3637  -0.9467   0.7371   0.3315   0.9616   0.9838   0.9178   0.9495   0.9157   0.9290
k            0.5461   0.7490   0.3568   1.0000   0.8504   0.5620   0.2404   0.4327  -0.1618  -0.1904   0.1943  -0.0375   0.3324   0.3299   0.0620   0.5009   0.4261   0.3585
km           0.0483   0.3925  -0.1779   0.8504   1.0000   0.0428  -0.2659   0.2557  -0.4364   0.3254  -0.2059  -0.2216  -0.1758  -0.2001  -0.4323   0.0054  -0.0563  -0.1331
kh           0.9611   0.8054   0.9574   0.5620   0.0428   1.0000   0.8747   0.4197   0.3787  -0.8733   0.6926   0.2773   0.9077   0.9411   0.7974   0.9429   0.8978   0.8901
x            0.9326   0.7739   0.9340   0.2404  -0.2659   0.8747   1.0000   0.2857   0.5957  -0.9963   0.9261   0.0083   0.9893   0.9820   0.9737   0.9569   0.9766   0.9896
xm           0.5031   0.4286   0.4968   0.4327   0.2557   0.4197   0.2857   1.0000  -0.5995  -0.2990   0.0638   0.4874   0.4145   0.3935   0.3371   0.4488   0.3495   0.3519
xh           0.3572   0.2872   0.3637  -0.1618  -0.4364   0.3787   0.5957  -0.5995   1.0000  -0.5815   0.7200  -0.4015   0.4789   0.4903   0.5307   0.4230   0.5227   0.5316
l           -0.9209  -0.7263  -0.9467  -0.1904   0.3254  -0.8733  -0.9963  -0.2990  -0.5815   1.0000  -0.8979  -0.0801  -0.9853  -0.9848  -0.9853  -0.9426  -0.9577  -0.9767
hm           0.8071   0.7806   0.7371   0.1943  -0.2059   0.6926   0.9261   0.0638   0.7200  -0.8979   1.0000  -0.3668   0.8873   0.8456   0.8721   0.8592   0.9261   0.9282
hh           0.1187  -0.2327   0.3315  -0.0375  -0.2216   0.2773   0.0083   0.4874  -0.4015  -0.0801  -0.3668   1.0000   0.0730   0.1664   0.1075   0.0465  -0.0732  -0.0377
zm           0.9693   0.8186   0.9616   0.3324  -0.1758   0.9077   0.9893   0.4145   0.4789  -0.9853   0.8873   0.0730   1.0000   0.9916   0.9615   0.9826   0.9841   0.9933
zh           0.9677   0.7802   0.9838   0.3299  -0.2001   0.9411   0.9820   0.3935   0.4903  -0.9848   0.8456   0.1664   0.9916   1.0000   0.9533   0.9743   0.9658   0.9768
r            0.8683   0.6455   0.9178   0.0620  -0.4323   0.7974   0.9737   0.3371   0.5307  -0.9853   0.8721   0.1075   0.9615   0.9533   1.0000   0.8938   0.9142   0.9443
w            0.9955   0.9001   0.9495   0.5009   0.0054   0.9429   0.9569   0.4488   0.4230  -0.9426   0.8592   0.0465   0.9826   0.9743   0.8938   1.0000   0.9887   0.9834
y            0.9702   0.8921   0.9157   0.4261  -0.0563   0.8978   0.9766   0.3495   0.5227  -0.9577   0.9261  -0.0732   0.9841   0.9658   0.9142   0.9887   1.0000   0.9966
T            0.9632   0.8548   0.9290   0.3585  -0.1331   0.8901   0.9896   0.3519   0.5316  -0.9767   0.9282  -0.0377   0.9933   0.9768   0.9443   0.9834   0.9966   1.0000


AUTOCORRELATION OF SIMULATED VARIABLES (HP filter, lambda = 1600)
VARIABLE          1        2        3        4        5
C            0.7815   0.5442   0.3534   0.1915   0.0510
cm           0.7687   0.6019   0.4624   0.3234   0.1850
ch           0.8053   0.5386   0.3244   0.1499   0.0057
k            0.9537   0.8495   0.7074   0.5421   0.3663
km           0.9323   0.8162   0.6730   0.5107   0.3432
kh           0.7633   0.5343   0.3516   0.1866   0.0518
x            0.6540   0.4198   0.2572   0.1169   0.0030
xm           0.3725   0.2046   0.1441   0.0400   0.0071
xh          -0.0127  -0.0998  -0.0349  -0.0656  -0.0192
l            0.6847   0.4422   0.2677   0.1200   0.0004
hm           0.4616   0.2731   0.1821   0.0861   0.0088
hh           0.5400   0.3485   0.2502   0.1411   0.0469
zm           0.7333   0.4846   0.2971   0.1424   0.0116
zh           0.7328   0.4834   0.2946   0.1364   0.0072
r            0.7489   0.4966   0.3037   0.1462   0.0122
w            0.7425   0.5101   0.3308   0.1773   0.0446
y            0.6677   0.4468   0.2907   0.1531   0.0353
T            0.6781   0.4462   0.2810   0.1395   0.0196



VARIANCE DECOMPOSITION SIMULATING ONE SHOCK AT A TIME (in percent) (HP filter, lambda = 1600)
                    eh                em  Tot. lin. contr.
C                98.41              0.67             99.08
cm               82.27             12.64             94.91
ch              100.58              1.20            101.78
k                94.83              2.19             97.02
km               92.18              4.98             97.16
kh               98.58              4.14            102.72
x                96.76              1.47             98.24
xm               93.26              9.68            102.94
xh               97.22              5.18            102.40
l                98.48              0.49             98.97
hm               80.46             14.49             94.96
hh               48.55             51.87            100.42
zm               96.61              1.69             98.31
zh              100.11              0.00            100.11
r                96.27              1.88             98.14
w                96.59              1.67             98.26
y                92.81              4.22             97.03
T                93.65              3.64             97.30
Note: numbers do not add up to 100 due to non-zero correlation of simulated shocks in small samples

Total computing time : 0h00m06s
