Starting Dynare (version 5.3).
Calling Dynare with arguments: none
Starting preprocessing of the model file ...
Found 18 equation(s).
Evaluating expressions...done
Computing static model derivatives (order 1).
Computing dynamic model derivatives (order 1).
Processing outputs ...
done
Preprocessing completed.

    "The numbering of the equations is referenced to the P&P solutions."

    "Replace (84) with (161) for steady state calculation"

    "Replace (91) with (162) for steady state calculation"

    "Replace (93) with (163) for steady state calculation"

    "Replace (95) with (164) for steady state calculation"





Residuals of the static equations:

Equation number 1 : 0 : (114) Resource Constraint
Equation number 2 : 0 : (166) Household FOC w.r.t. hh
Equation number 3 : -0.15406 : (116)Household FOC w.r.t. hm
Equation number 4 : 0 : (168) Household FOC w.r.t. kh
Equation number 5 : 0 : (118) Household FOC w.r.t. km
Equation number 6 : 0 : (119) Firm FOC w.r.t. km
Equation number 7 : 0 : (120) Firm FOC w.r.t. hm
Equation number 8 : 0 : (121) Market Output
Equation number 9 : 0 : (122) Total Consumption
Equation number 10 : 0 : (123) Leisure
Equation number 11 : 0 : (175) Home production
Equation number 12 : 0 : (125) Market Investments
Equation number 13 : 0 : (126) Home Investments
Equation number 14 : 0 : (127) Total Investments
Equation number 15 : 0 : (128) Total Capital
Equation number 16 : 0 : (129) Government Transfer
Equation number 17 : 0 : (130) Market Technology
Equation number 18 : 0 : (131) Home Technology



STEADY-STATE RESULTS:

C  		 -0.909848
cm 		 -1.02816
ch 		 -0.77898
l  		 -0.82457
hm 		 -1.36951
hh 		 -1.17978
k  		 1.22531
km 		 0.597118
kh 		 0.4627
x  		 -2.34404
xm 		 -2.97224
xh 		 -3.10666
r  		 -2.61047
T  		 -1.94068
w  		 0.230269
y  		 -0.790536
zm 		 0
zh 		 0

EIGENVALUES:
         Modulus             Real        Imaginary

       3.162e-15        3.162e-15                0
            0.95             0.95                0
            0.95             0.95                0
          0.9569           0.9569                0
           1.148            1.148                0
       3.818e+15        3.818e+15                0
             Inf              Inf                0
             Inf              Inf                0


There are 4 eigenvalue(s) larger than 1 in modulus 
for 4 forward-looking variable(s)

The rank condition is verified.

MODEL_DIAGNOSTICS:  No obvious problems with this mod-file were detected.
                                          Information about GeneralHomeProduction_Log (dynamic model)

The following variables appear with a lag and are therefore states:
km(-1)
kh(-1)
zm(-1)
zh(-1)

The following variables appear with a lead and are therefore forward-looking variables:
C(1)
cm(1)
ch(1)
r(1)

The following variables do not appear with a lead or lag and are therefore purely static variables:
l
hm
hh
k
x
xm
xh
T
w
y


MODEL SUMMARY

  Number of variables:         18
  Number of stochastic shocks: 2
  Number of state variables:   4
  Number of jumpers:           4
  Number of static variables:  10


MATRIX OF COVARIANCE OF EXOGENOUS SHOCKS
Variables          eh        em
eh           0.000098  0.000097
em           0.000097  0.000098

POLICY AND TRANSITION FUNCTIONS
                                   C              cm              ch               k              km              kh               x              xm              xh               l              hm              hh              zm              zh               r               w               y               T
Constant                   -0.909848       -1.028165       -0.778980        1.225313        0.597118        0.462700       -2.344043       -2.972237       -3.106656       -0.824570       -1.369511       -1.179783               0               0       -2.610470        0.230269       -0.790536       -1.940682
km(-1)                      0.160452        0.455239       -0.139632        0.526533        0.746884        0.274480        0.283183       -8.026036        9.787860        0.016238        0.176372       -0.169056               0               0       -0.581152        0.242476        0.418848        0.297897
kh(-1)                      0.238392        0.117092        0.361871        0.402883        0.571486        0.210022       -1.800195       20.378986      -27.170323        0.077618       -0.408764        0.227401               0               0       -0.288424        0.120340       -0.288424       -0.348451
zm(-1)                      0.265171        0.856223       -0.336503        0.052196        0.591365       -0.564543        1.861293       21.087835      -20.131398       -0.041872        0.564740       -0.407413        0.950000               0        1.068800        0.504061        1.068800        1.291241
zh(-1)                      0.208096       -0.626050        1.057233        0.048179       -0.722974        0.930280        1.718059      -25.780990       33.173431       -0.124301       -0.184608        0.330019               0        0.950000       -0.130260        0.054349       -0.130260       -0.157369
eh                          0.219049       -0.659000        1.112877        0.050715       -0.761026        0.979242        1.808483      -27.137884       34.919401       -0.130843       -0.194324        0.347388               0        1.000000       -0.137115        0.057209       -0.137115       -0.165652
em                          0.279127        0.901288       -0.354214        0.054943        0.622489       -0.594256        1.959255       22.197722      -21.190945       -0.044076        0.594463       -0.428856        1.000000               0        1.125053        0.530590        1.125053        1.359201


MOMENTS OF SIMULATED VARIABLES (HP filter, lambda = 1600)
VARIABLE              MEAN       STD. DEV.        VARIANCE        SKEWNESS        KURTOSIS
C                -0.902945        0.007302        0.000053        0.071050       -0.157667
cm               -1.021526        0.004113        0.000017        0.078511       -0.092669
ch               -0.771808        0.011945        0.000143        0.073086       -0.067299
k                 1.235195        0.004189        0.000018       -0.006559       -0.166915
km                0.608427        0.005998        0.000036       -0.080710       -0.139932
kh                0.470950        0.005684        0.000032        0.029314       -0.275633
x                -2.331609        0.044999        0.002025        0.034437        0.094234
xm               -2.957818        0.088587        0.007848       -0.059872        0.045629
xh               -3.096494        0.132167        0.017468        0.104425        0.026307
l                -0.824925        0.002180        0.000005       -0.036353        0.128344
hm               -1.368817        0.004244        0.000018        0.022008        0.077623
hh               -1.179850        0.001521        0.000002        0.053135       -0.034513
zm                0.005770        0.013591        0.000185        0.057051        0.056263
zh                0.007024        0.013487        0.000182        0.057305       -0.017576
r                -2.613825        0.014458        0.000209        0.022922        0.293630
w                 0.237439        0.007939        0.000063        0.070019       -0.129946
y                -0.782672        0.011755        0.000138        0.056562       -0.044559
T                -1.933516        0.014560        0.000212        0.049955        0.028648


CORRELATION OF SIMULATED VARIABLES (HP filter, lambda = 1600)
VARIABLE          C       cm       ch        k       km       kh        x       xm       xh        l       hm       hh       zm       zh        r        w        y        T
C            1.0000   0.7455   0.9723   0.5400  -0.0880   0.9594   0.9298   0.3662   0.3979  -0.9204   0.7944   0.0482   0.9723   0.9732   0.8817   0.9947   0.9586   0.9561
cm           0.7455   1.0000   0.5692   0.8215   0.4921   0.7041   0.6005   0.2938   0.2130  -0.5369   0.6569  -0.4185   0.6589   0.6059   0.4615   0.7773   0.7621   0.7107
ch           0.9723   0.5692   1.0000   0.3782  -0.2811   0.9368   0.9366   0.3488   0.4162  -0.9473   0.7497   0.2062   0.9686   0.9882   0.9259   0.9546   0.9154   0.9304
k            0.5400   0.8215   0.3782   1.0000   0.7743   0.6454   0.2411   0.4092  -0.1377  -0.1912   0.1856  -0.0375   0.3446   0.3426   0.0849   0.5255   0.4219   0.3582
km          -0.0880   0.4921  -0.2811   0.7743   1.0000   0.0162  -0.3781   0.2725  -0.4849   0.4385  -0.3047  -0.1931  -0.2817  -0.3100  -0.5172  -0.0894  -0.1704  -0.2444
kh           0.9594   0.7041   0.9368   0.6454   0.0162   1.0000   0.8373   0.3175   0.3677  -0.8313   0.6609   0.1739   0.8846   0.9155   0.7583   0.9381   0.8722   0.8609
x            0.9298   0.6005   0.9366   0.2411  -0.3781   0.8373   1.0000   0.1077   0.6473  -0.9961   0.9294  -0.1088   0.9854   0.9786   0.9734   0.9474   0.9754   0.9886
xm           0.3662   0.2938   0.3488   0.4092   0.2725   0.3175   0.1077   1.0000  -0.6880  -0.1208  -0.1109   0.5028   0.2678   0.2473   0.1973   0.3085   0.1683   0.1767
xh           0.3979   0.2130   0.4162  -0.1377  -0.4849   0.3677   0.6473  -0.6880   1.0000  -0.6345   0.7634  -0.4649   0.5140   0.5247   0.5593   0.4550   0.5829   0.5862
l           -0.9204  -0.5369  -0.9473  -0.1912   0.4385  -0.8313  -0.9961  -0.1208  -0.6345   1.0000  -0.9014   0.0362  -0.9813  -0.9817  -0.9847  -0.9317  -0.9547  -0.9742
hm           0.7944   0.6569   0.7497   0.1856  -0.3047   0.6609   0.9294  -0.1109   0.7634  -0.9014   1.0000  -0.4653   0.8813   0.8415   0.8696   0.8480   0.9338   0.9336
hh           0.0482  -0.4185   0.2062  -0.0375  -0.1931   0.1739  -0.1088   0.5028  -0.4649   0.0362  -0.4653   1.0000  -0.0282   0.0647   0.0058  -0.0527  -0.2036  -0.1631
zm           0.9723   0.6589   0.9686   0.3446  -0.2817   0.8846   0.9854   0.2678   0.5140  -0.9813   0.8813  -0.0282   1.0000   0.9916   0.9641   0.9794   0.9797   0.9902
zh           0.9732   0.6059   0.9882   0.3426  -0.3100   0.9155   0.9786   0.2473   0.5247  -0.9817   0.8415   0.0647   0.9916   1.0000   0.9562   0.9710   0.9596   0.9723
r            0.8817   0.4615   0.9259   0.0849  -0.5172   0.7583   0.9734   0.1973   0.5593  -0.9847   0.8696   0.0058   0.9641   0.9562   1.0000   0.8907   0.9155   0.9458
w            0.9947   0.7773   0.9546   0.5255  -0.0894   0.9381   0.9474   0.3085   0.4550  -0.9317   0.8480  -0.0527   0.9794   0.9710   0.8907   1.0000   0.9815   0.9765
y            0.9586   0.7621   0.9154   0.4219  -0.1704   0.8722   0.9754   0.1683   0.5829  -0.9547   0.9338  -0.2036   0.9797   0.9596   0.9155   0.9815   1.0000   0.9965
T            0.9561   0.7107   0.9304   0.3582  -0.2444   0.8609   0.9886   0.1767   0.5862  -0.9742   0.9336  -0.1631   0.9902   0.9723   0.9458   0.9765   0.9965   1.0000


AUTOCORRELATION OF SIMULATED VARIABLES (HP filter, lambda = 1600)
VARIABLE          1        2        3        4        5
C            0.7821   0.5416   0.3486   0.1855   0.0449
cm           0.8018   0.6671   0.5438   0.4084   0.2641
ch           0.7964   0.5326   0.3219   0.1496   0.0072
k            0.9526   0.8476   0.7051   0.5396   0.3639
km           0.9111   0.7814   0.6343   0.4724   0.3101
kh           0.7806   0.5624   0.3830   0.2175   0.0785
x            0.6365   0.4060   0.2490   0.1118   0.0019
xm           0.2393   0.1002   0.0846   0.0034   0.0012
xh           0.0006  -0.0896  -0.0295  -0.0620  -0.0194
l            0.6678   0.4288   0.2599   0.1151  -0.0007
hm           0.4416   0.2566   0.1715   0.0785   0.0058
hh           0.4807   0.3004   0.2215   0.1248   0.0421
zm           0.7333   0.4846   0.2971   0.1424   0.0116
zh           0.7328   0.4834   0.2946   0.1364   0.0072
r            0.7501   0.4967   0.3029   0.1450   0.0108
w            0.7422   0.5124   0.3348   0.1819   0.0492
y            0.6419   0.4265   0.2792   0.1469   0.0344
T            0.6592   0.4313   0.2726   0.1349   0.0189



VARIANCE DECOMPOSITION SIMULATING ONE SHOCK AT A TIME (in percent) (HP filter, lambda = 1600)
                    eh                em  Tot. lin. contr.
C                98.98              0.40             99.38
cm               72.97             21.02             93.98
ch              100.69              0.81            101.50
k                94.94              2.13             97.07
km               92.04              5.67             97.71
kh               98.67              3.60            102.28
x                96.89              1.39             98.28
xm               93.72              9.76            103.48
xh               97.37              4.83            102.19
l                98.65              0.40             99.05
hm               81.68             13.48             95.17
hh               47.06             52.36             99.42
zm               96.61              1.69             98.31
zh              100.11              0.00            100.11
r                96.38              1.81             98.20
w                96.49              1.73             98.21
y                91.98              4.82             96.80
T                93.07              4.05             97.12
Note: numbers do not add up to 100 due to non-zero correlation of simulated shocks in small samples

Total computing time : 0h00m06s
