Starting Dynare (version 5.3).
Calling Dynare with arguments: none
Starting preprocessing of the model file ...
Found 18 equation(s).
Evaluating expressions...done
Computing static model derivatives (order 1).
Computing dynamic model derivatives (order 1).
Processing outputs ...
done
Preprocessing completed.

    "Model with a more general home production function and highly correlated technology shocks (levels)"

    "The numbering of the equations is referenced to the P&P solutions."

    "Replace (84) with (161) for steady state calculation"

    "Replace (91) with (162) for steady state calculation"

    "Replace (93) with (163) for steady state calculation"

    "Replace (95) with (164) for steady state calculation"





Residuals of the static equations:

Equation number 1 : 0 : (41) Resource Constraint
Equation number 2 : 0 : (150) Household FOC w.r.t. hh
Equation number 3 : -0.15406 : (43)Household FOC w.r.t. hm
Equation number 4 : 0 : (151) Household FOC w.r.t. kh
Equation number 5 : 0 : (45) Household FOC w.r.t. km
Equation number 6 : 0 : (46) Firm FOC w.r.t. km
Equation number 7 : 0 : (47) Firm FOC w.r.t. hm
Equation number 8 : 0 : (48) Market Output
Equation number 9 : 0 : (49) Total Consumption
Equation number 10 : 0 : (50) Leisure
Equation number 11 : 0 : (152) Home production
Equation number 12 : 0 : (52) Market Investments
Equation number 13 : 0 : (53) Home Investments
Equation number 14 : 0 : (54) Total Investments
Equation number 15 : 0 : (55) Total Capital
Equation number 16 : 0 : (56) Government Transfer
Equation number 17 : 0 : (57) Market Technology
Equation number 18 : 0 : (58) Home Technology



STEADY-STATE RESULTS:

C  		 0.402586
cm 		 0.357663
ch 		 0.458874
l  		 0.438423
hm 		 0.254231
hh 		 0.307345
k  		 3.40523
km 		 1.81688
kh 		 1.58836
x  		 0.095939
xm 		 0.0511887
xh 		 0.0447504
r  		 0.0735
T  		 0.143606
w  		 1.25894
y  		 0.453602
zm 		 1
zh 		 1

EIGENVALUES:
         Modulus             Real        Imaginary

       1.994e-15       -1.994e-15                0
            0.95             0.95                0
            0.95             0.95                0
          0.9569           0.9569                0
           1.148            1.148                0
             Inf              Inf                0
             Inf              Inf                0
             Inf              Inf                0


There are 4 eigenvalue(s) larger than 1 in modulus 
for 4 forward-looking variable(s)

The rank condition is verified.

MODEL_DIAGNOSTICS:  No obvious problems with this mod-file were detected.
                                          Information about GeneralHomeProduction_Level (dynamic model)

The following variables appear with a lag and are therefore states:
km(-1)
kh(-1)
zm(-1)
zh(-1)

The following variables appear with a lead and are therefore forward-looking variables:
C(1)
cm(1)
ch(1)
r(1)

The following variables do not appear with a lead or lag and are therefore purely static variables:
l
hm
hh
k
x
xm
xh
T
w
y


MODEL SUMMARY

  Number of variables:         18
  Number of stochastic shocks: 2
  Number of state variables:   4
  Number of jumpers:           4
  Number of static variables:  10


MATRIX OF COVARIANCE OF EXOGENOUS SHOCKS
Variables          eh        em
eh           0.000098  0.000097
em           0.000097  0.000098

POLICY AND TRANSITION FUNCTIONS
                                   C              cm              ch               k              km              kh               x              xm              xh               l              hm              hh              zm              zh               r               w               y               T
Constant                    0.402586        0.357663        0.458874        3.405232        1.816876        1.588357        0.095939        0.051189        0.044750        0.438423        0.254231        0.307345        1.000000        1.000000        0.073500        1.258939        0.453602        0.143606
km(-1)                      0.035553        0.089616       -0.035266        0.986841        0.746883        0.239957        0.014953       -0.226126        0.241079        0.003918        0.024679       -0.028598               0               0       -0.023510        0.168015        0.104570        0.023546
kh(-1)                      0.060423        0.026366        0.104544        0.863729        0.653707        0.210022       -0.108734        0.656762       -0.765497        0.021424       -0.065426        0.044002               0               0       -0.013347        0.095382       -0.082368       -0.031504
zm(-1)                      0.106754        0.306239       -0.154413        0.177740        1.074436       -0.896696        0.178571        1.079458       -0.900887       -0.018358        0.143574       -0.125217        0.950000               0        0.078557        0.634581        0.484810        0.185430
zh(-1)                      0.083777       -0.223915        0.485137        0.164062       -1.313555        1.477617        0.164829       -1.319694        1.484523       -0.054497       -0.046933        0.101430               0        0.950000       -0.009574        0.068422       -0.059086       -0.022599
eh                          0.088186       -0.235700        0.510670        0.172697       -1.382689        1.555386        0.173504       -1.389152        1.562656       -0.057365       -0.049403        0.106768               0        1.000000       -0.010078        0.072023       -0.062196       -0.023789
em                          0.112373        0.322357       -0.162540        0.187095        1.130985       -0.943891        0.187969        1.136271       -0.948302       -0.019324        0.151131       -0.131807        1.000000               0        0.082691        0.667980        0.510326        0.195189


MOMENTS OF SIMULATED VARIABLES (HP filter, lambda = 1600)
VARIABLE              MEAN       STD. DEV.        VARIANCE        SKEWNESS        KURTOSIS
C                 0.405365        0.002940        0.000009        0.071050       -0.157667
cm                0.360037        0.001471        0.000002        0.078511       -0.092669
ch                0.462165        0.005481        0.000030        0.073086       -0.067299
k                 3.438882        0.014265        0.000203       -0.006559       -0.166915
km                1.837422        0.010898        0.000119       -0.080710       -0.139932
kh                1.601461        0.009029        0.000082        0.029314       -0.275633
x                 0.097132        0.004317        0.000019        0.034437        0.094234
xm                0.051927        0.004535        0.000021       -0.059872        0.045629
xh                0.045205        0.005915        0.000035        0.104425        0.026307
l                 0.438268        0.000956        0.000001       -0.036353        0.128344
hm                0.254408        0.001079        0.000001        0.022008        0.077623
hh                0.307325        0.000467        0.000000        0.053135       -0.034513
zm                1.005770        0.013591        0.000185        0.057051        0.056263
zh                1.007024        0.013487        0.000182        0.057305       -0.017576
r                 0.073253        0.001063        0.000001        0.022922        0.293630
w                 1.267965        0.009994        0.000100        0.070019       -0.129946
y                 0.457169        0.005332        0.000028        0.056562       -0.044559
T                 0.144635        0.002091        0.000004        0.049955        0.028648


CORRELATION OF SIMULATED VARIABLES (HP filter, lambda = 1600)
VARIABLE          C       cm       ch        k       km       kh        x       xm       xh        l       hm       hh       zm       zh        r        w        y        T
C            1.0000   0.7455   0.9723   0.5400  -0.0880   0.9594   0.9298   0.3662   0.3979  -0.9204   0.7944   0.0482   0.9723   0.9732   0.8817   0.9947   0.9586   0.9561
cm           0.7455   1.0000   0.5692   0.8215   0.4921   0.7041   0.6005   0.2938   0.2130  -0.5369   0.6569  -0.4185   0.6589   0.6059   0.4615   0.7773   0.7621   0.7107
ch           0.9723   0.5692   1.0000   0.3782  -0.2811   0.9368   0.9366   0.3488   0.4162  -0.9473   0.7497   0.2062   0.9686   0.9882   0.9259   0.9546   0.9154   0.9304
k            0.5400   0.8215   0.3782   1.0000   0.7743   0.6454   0.2411   0.4092  -0.1377  -0.1912   0.1856  -0.0375   0.3446   0.3426   0.0849   0.5255   0.4219   0.3582
km          -0.0880   0.4921  -0.2811   0.7743   1.0000   0.0162  -0.3781   0.2725  -0.4849   0.4385  -0.3047  -0.1931  -0.2817  -0.3100  -0.5172  -0.0894  -0.1704  -0.2444
kh           0.9594   0.7041   0.9368   0.6454   0.0162   1.0000   0.8373   0.3175   0.3677  -0.8313   0.6609   0.1739   0.8846   0.9155   0.7583   0.9381   0.8722   0.8609
x            0.9298   0.6005   0.9366   0.2411  -0.3781   0.8373   1.0000   0.1077   0.6473  -0.9961   0.9294  -0.1088   0.9854   0.9786   0.9734   0.9474   0.9754   0.9886
xm           0.3662   0.2938   0.3488   0.4092   0.2725   0.3175   0.1077   1.0000  -0.6880  -0.1208  -0.1109   0.5028   0.2678   0.2473   0.1973   0.3085   0.1683   0.1767
xh           0.3979   0.2130   0.4162  -0.1377  -0.4849   0.3677   0.6473  -0.6880   1.0000  -0.6345   0.7634  -0.4649   0.5140   0.5247   0.5593   0.4550   0.5829   0.5862
l           -0.9204  -0.5369  -0.9473  -0.1912   0.4385  -0.8313  -0.9961  -0.1208  -0.6345   1.0000  -0.9014   0.0362  -0.9813  -0.9817  -0.9847  -0.9317  -0.9547  -0.9742
hm           0.7944   0.6569   0.7497   0.1856  -0.3047   0.6609   0.9294  -0.1109   0.7634  -0.9014   1.0000  -0.4653   0.8813   0.8415   0.8696   0.8480   0.9338   0.9336
hh           0.0482  -0.4185   0.2062  -0.0375  -0.1931   0.1739  -0.1088   0.5028  -0.4649   0.0362  -0.4653   1.0000  -0.0282   0.0647   0.0058  -0.0527  -0.2035  -0.1631
zm           0.9723   0.6589   0.9686   0.3446  -0.2817   0.8846   0.9854   0.2678   0.5140  -0.9813   0.8813  -0.0282   1.0000   0.9916   0.9641   0.9794   0.9797   0.9902
zh           0.9732   0.6059   0.9882   0.3426  -0.3100   0.9155   0.9786   0.2473   0.5247  -0.9817   0.8415   0.0647   0.9916   1.0000   0.9562   0.9710   0.9596   0.9723
r            0.8817   0.4615   0.9259   0.0849  -0.5172   0.7583   0.9734   0.1973   0.5593  -0.9847   0.8696   0.0058   0.9641   0.9562   1.0000   0.8907   0.9155   0.9458
w            0.9947   0.7773   0.9546   0.5255  -0.0894   0.9381   0.9474   0.3085   0.4550  -0.9317   0.8480  -0.0527   0.9794   0.9710   0.8907   1.0000   0.9815   0.9765
y            0.9586   0.7621   0.9154   0.4219  -0.1704   0.8722   0.9754   0.1683   0.5829  -0.9547   0.9338  -0.2035   0.9797   0.9596   0.9155   0.9815   1.0000   0.9965
T            0.9561   0.7107   0.9304   0.3582  -0.2444   0.8609   0.9886   0.1767   0.5862  -0.9742   0.9336  -0.1631   0.9902   0.9723   0.9458   0.9765   0.9965   1.0000


AUTOCORRELATION OF SIMULATED VARIABLES (HP filter, lambda = 1600)
VARIABLE          1        2        3        4        5
C            0.7821   0.5416   0.3486   0.1855   0.0449
cm           0.8018   0.6671   0.5438   0.4084   0.2641
ch           0.7964   0.5326   0.3219   0.1496   0.0072
k            0.9526   0.8476   0.7051   0.5396   0.3639
km           0.9111   0.7814   0.6343   0.4724   0.3101
kh           0.7806   0.5624   0.3830   0.2175   0.0785
x            0.6365   0.4060   0.2490   0.1118   0.0019
xm           0.2393   0.1002   0.0846   0.0034   0.0012
xh           0.0006  -0.0896  -0.0295  -0.0620  -0.0194
l            0.6678   0.4288   0.2599   0.1151  -0.0007
hm           0.4416   0.2566   0.1715   0.0785   0.0058
hh           0.4807   0.3004   0.2215   0.1248   0.0421
zm           0.7333   0.4846   0.2971   0.1424   0.0116
zh           0.7328   0.4834   0.2946   0.1364   0.0072
r            0.7501   0.4967   0.3029   0.1450   0.0108
w            0.7422   0.5124   0.3348   0.1819   0.0492
y            0.6419   0.4265   0.2792   0.1469   0.0344
T            0.6592   0.4313   0.2726   0.1349   0.0189



VARIANCE DECOMPOSITION SIMULATING ONE SHOCK AT A TIME (in percent) (HP filter, lambda = 1600)
                    eh                em  Tot. lin. contr.
C                98.98              0.40             99.38
cm               72.97             21.02             93.98
ch              100.69              0.81            101.50
k                94.94              2.13             97.07
km               92.04              5.67             97.71
kh               98.67              3.60            102.28
x                96.89              1.39             98.28
xm               93.72              9.76            103.48
xh               97.37              4.83            102.19
l                98.65              0.40             99.05
hm               81.68             13.48             95.17
hh               47.06             52.36             99.42
zm               96.61              1.69             98.31
zh              100.11              0.00            100.11
r                96.38              1.81             98.20
w                96.49              1.73             98.21
y                91.98              4.82             96.80
T                93.07              4.05             97.12
Note: numbers do not add up to 100 due to non-zero correlation of simulated shocks in small samples

Total computing time : 0h00m06s
