Starting Dynare (version 5.3).
Calling Dynare with arguments: none
Starting preprocessing of the model file ...
Found 18 equation(s).
Evaluating expressions...done
Computing static model derivatives (order 1).
Computing dynamic model derivatives (order 1).
Processing outputs ...
done
Preprocessing completed.

    "Model with home production minimized (logs)"

    "The numbering of the equations is referenced to the P&P solutions."

    "Replace (94) with (147) for steady state calculation"





Residuals of the static equations:

Equation number 1 : 0 : (114) Resource Constraint
Equation number 2 : 0 : (115) Household FOC w.r.t. hh
Equation number 3 : 0 : (116)Household FOC w.r.t. hm
Equation number 4 : 0 : (117) Household FOC w.r.t. kh
Equation number 5 : 0 : (118) Household FOC w.r.t. km
Equation number 6 : 0 : (119) Firm FOC w.r.t. km
Equation number 7 : 0 : (120) Firm FOC w.r.t. hm
Equation number 8 : 0 : (121) Market Output
Equation number 9 : 0 : (146) Total Consumption
Equation number 10 : 0 : (123) Leisure
Equation number 11 : 0 : (124) Home production
Equation number 12 : 0 : (125) Market Investments
Equation number 13 : 0 : (126) Home Investments
Equation number 14 : 0 : (127) Total Investments
Equation number 15 : 0 : (128) Total Capital
Equation number 16 : 0 : (129) Government Transfer
Equation number 17 : 0 : (130) Market Technology
Equation number 18 : 0 : (131) Home Technology



STEADY-STATE RESULTS:

C  		 -0.71765
cm 		 -0.822429
ch 		 -0.58591
l  		 -0.867501
hm 		 -1.10866
hh 		 -1.38629
k  		 1.6684
km 		 0.857967
kh 		 1.08022
x  		 -1.90095
xm 		 -2.71139
xh 		 -2.48913
r  		 -2.61047
T  		 -1.67983
w  		 0.230269
y  		 -0.529687
zm 		 0
zh 		 0

EIGENVALUES:
         Modulus             Real        Imaginary

       2.888e-15        2.888e-15                0
            0.95             0.95                0
            0.95             0.95                0
          0.9587           0.9587                0
           1.117            1.117                0
         1.6e+16         -1.6e+16                0
       6.003e+16        6.003e+16                0
             Inf              Inf                0


There are 4 eigenvalue(s) larger than 1 in modulus 
for 4 forward-looking variable(s)

The rank condition is verified.

MODEL_DIAGNOSTICS:  No obvious problems with this mod-file were detected.
                                          Information about MinimalHomeProduction_log (dynamic model)

The following variables appear with a lag and are therefore states:
km(-1)
kh(-1)
zm(-1)
zh(-1)

The following variables appear with a lead and are therefore forward-looking variables:
C(1)
cm(1)
ch(1)
r(1)

The following variables do not appear with a lead or lag and are therefore purely static variables:
l
hm
hh
k
x
xm
xh
T
w
y


MODEL SUMMARY

  Number of variables:         18
  Number of stochastic shocks: 2
  Number of state variables:   4
  Number of jumpers:           4
  Number of static variables:  10


MATRIX OF COVARIANCE OF EXOGENOUS SHOCKS
Variables          eh        em
eh           0.000098  0.000066
em           0.000066  0.000098

POLICY AND TRANSITION FUNCTIONS
                                   C              cm              ch               k              km              kh               x              xm              xh               l              hm              hh              zm              zh               r               w               y               T
Constant                   -0.717650       -0.822429       -0.585910        1.668404        0.857967        1.080222       -1.900952       -2.711389       -2.489134       -0.867501       -1.108663       -1.386294               0               0       -2.610470        0.230269       -0.529687       -1.679833
km(-1)                      0.100331        0.208884       -0.036155        0.455974        0.491596        0.427451        0.847978      -17.129480       15.242731       -0.053524        0.108669       -0.053524               0               0       -0.628923        0.262408        0.371077        0.240184
kh(-1)                      0.313665        0.228284        0.421016        0.498322        0.537253        0.467150       -1.477772       19.158218      -18.001241        0.142881       -0.290092        0.142881               0               0       -0.204689        0.085403       -0.204689       -0.247289
zm(-1)                      0.154352        0.376064       -0.124408        0.072215        0.215999       -0.042914        2.575157        7.702429       -1.530308       -0.184172        0.373926       -0.184172        0.950000               0        0.934162        0.560236        0.934162        1.128582
zh(-1)                      0.284287               0        0.641725               0               0               0               0               0               0               0               0               0               0        0.950000               0               0               0               0
eh                          0.299250               0        0.675500               0               0               0               0               0               0               0               0               0               0        1.000000               0               0               0               0
em                          0.162476        0.395857       -0.130956        0.076016        0.227367       -0.045173        2.710691        8.107820       -1.610851       -0.193866        0.393606       -0.193866        1.000000               0        0.983329        0.589722        0.983329        1.187981


MOMENTS OF SIMULATED VARIABLES (HP filter, lambda = 1600)
VARIABLE              MEAN       STD. DEV.        VARIANCE        SKEWNESS        KURTOSIS
C                -0.717646        0.005821        0.000034        0.159065        0.019935
cm               -0.825109        0.005669        0.000032        0.200369        0.166754
ch               -0.582532        0.007698        0.000059        0.085217       -0.166209
k                 1.663794        0.004227        0.000018        0.348834        0.094088
km                0.852768        0.005409        0.000029        0.338407        0.098693
kh                1.076083        0.003858        0.000015        0.349836        0.114126
x                -1.903492        0.039324        0.001546        0.014900        0.275301
xm               -2.714139        0.076769        0.005893        0.100573        0.197184
xh               -2.491504        0.044067        0.001942       -0.036434        0.347196
l                -0.867512        0.002855        0.000008        0.019968        0.292953
hm               -1.108639        0.005796        0.000034       -0.019968        0.292953
hh               -1.386306        0.002855        0.000008        0.019968        0.292953
zm               -0.001572        0.013412        0.000180        0.042164        0.245521
zh                0.007024        0.013487        0.000182        0.057305       -0.017576
r                -2.607845        0.013127        0.000172       -0.100427        0.276276
w                 0.227601        0.008354        0.000070        0.137019        0.206059
y                -0.532331        0.014014        0.000196        0.076305        0.241707
T                -1.681931        0.016568        0.000274        0.046079        0.252740


CORRELATION OF SIMULATED VARIABLES (HP filter, lambda = 1600)
VARIABLE          C       cm       ch        k       km       kh        x       xm       xh        l       hm       hh       zm       zh        r        w        y        T
C            1.0000   0.8766   0.8953   0.4724   0.7000   0.1463   0.8290   0.6204   0.4667  -0.8105   0.8105  -0.8105   0.8373   0.9285   0.7206   0.8718   0.8550   0.8420
cm           0.8766   1.0000   0.5705   0.5665   0.8178   0.1997   0.9344   0.6871   0.5430  -0.9116   0.9116  -0.9116   0.9441   0.6714   0.8019   0.9901   0.9673   0.9504
ch           0.8953   0.5705   1.0000   0.2819   0.4377   0.0649   0.5499   0.4228   0.2938  -0.5395   0.5395  -0.5395   0.5551   0.9633   0.4877   0.5714   0.5638   0.5573
k            0.4724   0.5665   0.2819   1.0000   0.9375   0.9206   0.2405  -0.0300   0.4283  -0.1832   0.1832  -0.1832   0.2633   0.1663  -0.0371   0.4470   0.3423   0.2834
km           0.7000   0.8178   0.4377   0.9375   1.0000   0.7273   0.5624   0.2691   0.5283  -0.5128   0.5128  -0.5128   0.5824   0.3995   0.3126   0.7301   0.6474   0.5991
kh           0.1463   0.1997   0.0649   0.9206   0.7273   1.0000  -0.1568  -0.3613   0.2519   0.2141  -0.2141   0.2141  -0.1344  -0.1204  -0.4241   0.0623  -0.0514  -0.1134
x            0.8290   0.9344   0.5499   0.2405   0.5624  -0.1568   1.0000   0.7870   0.5092  -0.9982   0.9982  -0.9982   0.9977   0.7212   0.9557   0.9752   0.9942   0.9985
xm           0.6204   0.6871   0.4228  -0.0300   0.2691  -0.3613   0.7870   1.0000  -0.1304  -0.7936   0.7936  -0.7936   0.8164   0.5704   0.8743   0.7374   0.7678   0.7936
xh           0.4667   0.5430   0.2938   0.4283   0.5283   0.2519   0.5092  -0.1304   1.0000  -0.4971   0.4971  -0.4971   0.4644   0.3632   0.3161   0.5383   0.5265   0.4975
l           -0.8105  -0.9116  -0.5395  -0.1832  -0.5128   0.2141  -0.9982  -0.7936  -0.4971   1.0000  -1.0000   1.0000  -0.9939  -0.7203  -0.9692  -0.9603  -0.9861  -0.9939
hm           0.8105   0.9116   0.5395   0.1832   0.5128  -0.2141   0.9982   0.7936   0.4971  -1.0000   1.0000  -1.0000   0.9939   0.7203   0.9692   0.9603   0.9861   0.9939
hh          -0.8105  -0.9116  -0.5395  -0.1832  -0.5128   0.2141  -0.9982  -0.7936  -0.4971   1.0000  -1.0000   1.0000  -0.9939  -0.7203  -0.9692  -0.9603  -0.9861  -0.9939
zm           0.8373   0.9441   0.5551   0.2633   0.5824  -0.1344   0.9977   0.8164   0.4644  -0.9939   0.9939  -0.9939   1.0000   0.7195   0.9536   0.9803   0.9955   0.9993
zh           0.9285   0.6714   0.9633   0.1663   0.3995  -0.1204   0.7212   0.5704   0.3632  -0.7203   0.7203  -0.7203   0.7195   1.0000   0.6915   0.7017   0.7163   0.7199
r            0.7206   0.8019   0.4877  -0.0371   0.3126  -0.4241   0.9557   0.8743   0.3161  -0.9692   0.9692  -0.9692   0.9536   0.6915   1.0000   0.8753   0.9227   0.9453
w            0.8718   0.9901   0.5714   0.4470   0.7301   0.0623   0.9752   0.7374   0.5383  -0.9603   0.9603  -0.9603   0.9803   0.7017   0.8753   1.0000   0.9933   0.9845
y            0.8550   0.9673   0.5638   0.3423   0.6474  -0.0514   0.9942   0.7678   0.5265  -0.9861   0.9861  -0.9861   0.9955   0.7163   0.9227   0.9933   1.0000   0.9980
T            0.8420   0.9504   0.5573   0.2834   0.5991  -0.1134   0.9985   0.7936   0.4975  -0.9939   0.9939  -0.9939   0.9993   0.7199   0.9453   0.9845   0.9980   1.0000


AUTOCORRELATION OF SIMULATED VARIABLES (HP filter, lambda = 1600)
VARIABLE          1        2        3        4        5
C            0.7469   0.5259   0.3533   0.2045   0.0693
cm           0.7757   0.5643   0.4034   0.2611   0.1229
ch           0.7198   0.4834   0.3029   0.1450   0.0203
k            0.9633   0.8730   0.7462   0.5962   0.4342
km           0.9170   0.7968   0.6617   0.5137   0.3576
kh           0.9455   0.8433   0.7130   0.5639   0.4039
x            0.7635   0.5098   0.3265   0.1772   0.0414
xm           0.2291   0.0880   0.0770   0.0517  -0.0323
xh           0.4509   0.2632   0.1807   0.1038  -0.0017
l            0.7665   0.5100   0.3245   0.1741   0.0379
hm           0.7665   0.5100   0.3245   0.1741   0.0379
hh           0.7665   0.5100   0.3245   0.1741   0.0379
zm           0.7267   0.4835   0.3137   0.1736   0.0412
zh           0.7328   0.4834   0.2946   0.1364   0.0072
r            0.6987   0.4596   0.2978   0.1640   0.0341
w            0.7648   0.5325   0.3615   0.2166   0.0801
y            0.7616   0.5162   0.3381   0.1910   0.0551
T            0.7483   0.5011   0.3246   0.1796   0.0452



VARIANCE DECOMPOSITION SIMULATING ONE SHOCK AT A TIME (in percent) (HP filter, lambda = 1600)
                    eh                em  Tot. lin. contr.
C                86.86              9.87             96.73
cm               43.65             49.64             93.29
ch               97.59              5.74            103.33
k                38.90             51.40             90.30
km               40.01             51.37             91.38
kh               39.46             50.46             89.92
x                45.15             48.28             93.43
xm               44.31             49.91             94.22
xh               44.69             49.31             94.00
l                45.24             48.12             93.36
hm               45.24             48.12             93.36
hh               45.24             48.12             93.36
zm               44.99             48.53             93.52
zh              100.11              0.00            100.11
r                45.07             48.06             93.13
w                44.40             49.07             93.47
y                44.86             48.63             93.50
T                45.00             48.49             93.49
Note: numbers do not add up to 100 due to non-zero correlation of simulated shocks in small samples

Total computing time : 0h00m06s
