Starting Dynare (version 5.3).
Calling Dynare with arguments: none
Starting preprocessing of the model file ...
Found 18 equation(s).
Evaluating expressions...done
Computing static model derivatives (order 1).
Computing dynamic model derivatives (order 1).
Processing outputs ...
done
Preprocessing completed.

    "Model with a more general home production function and highly correlated technology shocks (logs)"

    "The numbering of the equations is referenced to the P&P solutions."

    "Replace (83) with (160) for steady state calculation"

    "Replace (90) with (161) for steady state calculation"

    "Replace (92) with (162) for steady state calculation"

    "Replace (94) with (163) for steady state calculation"





Residuals of the static equations:

Equation number 1 : 0 : (113) Resource Constraint
Equation number 2 : 0 : (165) Household FOC w.r.t. hh
Equation number 3 : 0 : (115) Household FOC w.r.t. hm
Equation number 4 : 0 : (167) Household FOC w.r.t. kh
Equation number 5 : 0 : (117) Household FOC w.r.t. km
Equation number 6 : 0 : (118) Firm FOC w.r.t. km
Equation number 7 : 0 : (119) Firm FOC w.r.t. hm
Equation number 8 : 0 : (120) Market Output
Equation number 9 : 0 : (121) Total Consumption
Equation number 10 : 0 : (122) Leisure
Equation number 11 : 0 : (174) Home production
Equation number 12 : 0 : (124) Market Investments
Equation number 13 : 0 : (125) Home Investments
Equation number 14 : 0 : (126) Total Investments
Equation number 15 : 0 : (127) Total Capital
Equation number 16 : 0 : (128) Government Transfer
Equation number 17 : 0 : (129) Market Technology
Equation number 18 : 0 : (130) Home Technology



STEADY-STATE RESULTS:

C  		 -0.825093
cm 		 -0.721986
ch 		 -0.985633
l  		 -0.867501
hm 		 -1.10866
hh 		 -1.38629
k  		 1.2934
km 		 0.856215
kh 		 0.255373
x  		 -2.27595
xm 		 -2.71314
xh 		 -3.31398
r  		 -2.60923
T  		 -1.68009
w  		 0.229753
y  		 -0.530203
zm 		 0
zh 		 0

EIGENVALUES:
         Modulus             Real        Imaginary

        2.49e-16         2.49e-16                0
            0.95             0.95                0
            0.95             0.95                0
          0.9576           0.9576                0
           1.138            1.138                0
       4.764e+15       -4.764e+15                0
       1.182e+16       -1.182e+16                0
       1.997e+19        1.997e+19                0


There are 4 eigenvalue(s) larger than 1 in modulus 
for 4 forward-looking variable(s)

The rank condition is verified.

MODEL_DIAGNOSTICS:  No obvious problems with this mod-file were detected.
                                          Information about Model4_Log (dynamic model)

The following variables appear with a lag and are therefore states:
km(-1)
kh(-1)
zm(-1)
zh(-1)

The following variables appear with a lead and are therefore forward-looking variables:
C(1)
cm(1)
ch(1)
r(1)

The following variables do not appear with a lead or lag and are therefore purely static variables:
l
hm
hh
k
x
xm
xh
T
w
y


MODEL SUMMARY

  Number of variables:         18
  Number of stochastic shocks: 2
  Number of state variables:   4
  Number of jumpers:           4
  Number of static variables:  10


MATRIX OF COVARIANCE OF EXOGENOUS SHOCKS
Variables          eh        em
eh           0.000098  0.000097
em           0.000097  0.000098

POLICY AND TRANSITION FUNCTIONS
                                   C              cm              ch               k              km              kh               x              xm              xh               l              hm              hh              zm              zh               r               w               y               T
Constant                   -0.825093       -0.721986       -0.985633        1.293405        0.856215        0.255373       -2.275951       -2.713141       -3.313982       -0.867501       -1.108663       -1.386294               0               0       -2.609234        0.229753       -0.530203       -1.680092
km(-1)                      0.214888        0.442610       -0.172364        0.629752        0.825027        0.273638        0.071852       -5.239453        9.757830        0.031237        0.118350       -0.208701               0               0       -0.622092        0.259558        0.377908        0.248630
kh(-1)                      0.182087        0.058564        0.392143        0.305163        0.399789        0.132599       -1.392737       14.256325      -29.931198        0.059673       -0.275948        0.264000               0               0       -0.194709        0.081239       -0.194709       -0.235172
zm(-1)                      0.318510        0.757242       -0.427572        0.061195        0.478010       -0.698930        2.182207       17.045662      -24.923581       -0.065543        0.475622       -0.517709        0.950000               0        1.005919        0.530297        1.005919        1.214961
zh(-1)                      0.136306       -0.456563        1.144505        0.039770       -0.556159        1.126536        1.418168      -19.832406       40.171845       -0.115305       -0.183384        0.435780               0        0.950000       -0.129396        0.053988       -0.129396       -0.156286
eh                          0.143480       -0.480593        1.204743        0.041863       -0.585430        1.185828        1.492809      -20.876216       42.286153       -0.121374       -0.193036        0.458716               0        1.000000       -0.136206        0.056830       -0.136206       -0.164511
em                          0.335274        0.797097       -0.450076        0.064416        0.503169       -0.735716        2.297059       17.942802      -26.235349       -0.068992        0.500655       -0.544957        1.000000               0        1.058862        0.558207        1.058862        1.278906


MOMENTS OF SIMULATED VARIABLES (HP filter, lambda = 1600)
VARIABLE              MEAN       STD. DEV.        VARIANCE        SKEWNESS        KURTOSIS
C                -0.818183        0.006996        0.000049        0.072640       -0.164274
cm               -0.715206        0.004653        0.000022        0.096019       -0.162549
ch               -0.978503        0.012307        0.000151        0.076483       -0.064774
k                 1.303809        0.004345        0.000019       -0.007451       -0.164697
km                0.867764        0.005567        0.000031       -0.066384       -0.169135
kh                0.263689        0.006460        0.000042        0.036008       -0.250802
x                -2.262894        0.046144        0.002129        0.036960        0.095368
xm               -2.698506        0.071663        0.005136       -0.015762        0.065135
xh               -3.303802        0.155960        0.024324        0.110315        0.024732
l                -0.867900        0.002423        0.000006       -0.038545        0.130850
hm               -1.108053        0.003306        0.000011        0.023852        0.077120
hh               -1.386427        0.001927        0.000004        0.081748       -0.014877
zm                0.005770        0.013591        0.000185        0.057051        0.056263
zh                0.007024        0.013487        0.000182        0.057305       -0.017576
r                -2.612818        0.013494        0.000182        0.020836        0.300708
w                 0.237019        0.008323        0.000069        0.069702       -0.117182
y                -0.522327        0.011290        0.000127        0.060033       -0.049223
T                -1.672961        0.013900        0.000193        0.053226        0.024016


CORRELATION OF SIMULATED VARIABLES (HP filter, lambda = 1600)
VARIABLE          C       cm       ch        k       km       kh        x       xm       xh        l       hm       hh       zm       zh        r        w        y        T
C            1.0000   0.8967   0.9586   0.5463   0.0487   0.9610   0.9325   0.5033   0.3573  -0.9208   0.8070   0.1182   0.9693   0.9676   0.8682   0.9955   0.9702   0.9632
cm           0.8967   1.0000   0.7335   0.7491   0.3926   0.8056   0.7739   0.4288   0.2872  -0.7263   0.7805  -0.2328   0.8187   0.7803   0.6455   0.9002   0.8922   0.8549
ch           0.9586   0.7335   1.0000   0.3571  -0.1776   0.9573   0.9340   0.4969   0.3639  -0.9466   0.7370   0.3311   0.9616   0.9837   0.9178   0.9495   0.9157   0.9289
k            0.5463   0.7491   0.3571   1.0000   0.8505   0.5625   0.2404   0.4327  -0.1617  -0.1904   0.1942  -0.0374   0.3326   0.3301   0.0620   0.5012   0.4263   0.3588
km           0.0487   0.3926  -0.1776   0.8505   1.0000   0.0434  -0.2658   0.2557  -0.4363   0.3254  -0.2058  -0.2214  -0.1755  -0.1998  -0.4322   0.0057  -0.0560  -0.1327
kh           0.9610   0.8056   0.9573   0.5625   0.0434   1.0000   0.8744   0.4199   0.3787  -0.8731   0.6923   0.2769   0.9075   0.9410   0.7970   0.9428   0.8977   0.8900
x            0.9325   0.7739   0.9340   0.2404  -0.2658   0.8744   1.0000   0.2858   0.5960  -0.9963   0.9261   0.0078   0.9893   0.9820   0.9737   0.9568   0.9765   0.9896
xm           0.5033   0.4288   0.4969   0.4327   0.2557   0.4199   0.2858   1.0000  -0.5992  -0.2991   0.0639   0.4871   0.4147   0.3937   0.3373   0.4490   0.3497   0.3521
xh           0.3573   0.2872   0.3639  -0.1617  -0.4363   0.3787   0.5960  -0.5992   1.0000  -0.5817   0.7202  -0.4017   0.4790   0.4905   0.5308   0.4231   0.5228   0.5317
l           -0.9208  -0.7263  -0.9466  -0.1904   0.3254  -0.8731  -0.9963  -0.2991  -0.5817   1.0000  -0.8979  -0.0796  -0.9853  -0.9848  -0.9852  -0.9425  -0.9577  -0.9766
hm           0.8070   0.7805   0.7370   0.1942  -0.2058   0.6923   0.9261   0.0639   0.7202  -0.8979   1.0000  -0.3674   0.8873   0.8455   0.8720   0.8590   0.9261   0.9281
hh           0.1182  -0.2328   0.3311  -0.0374  -0.2214   0.2769   0.0078   0.4871  -0.4017  -0.0796  -0.3674   1.0000   0.0725   0.1659   0.1070   0.0460  -0.0736  -0.0382
zm           0.9693   0.8187   0.9616   0.3326  -0.1755   0.9075   0.9893   0.4147   0.4790  -0.9853   0.8873   0.0725   1.0000   0.9916   0.9615   0.9826   0.9841   0.9933
zh           0.9676   0.7803   0.9837   0.3301  -0.1998   0.9410   0.9820   0.3937   0.4905  -0.9848   0.8455   0.1659   0.9916   1.0000   0.9533   0.9743   0.9658   0.9768
r            0.8682   0.6455   0.9178   0.0620  -0.4322   0.7970   0.9737   0.3373   0.5308  -0.9852   0.8720   0.1070   0.9615   0.9533   1.0000   0.8936   0.9141   0.9442
w            0.9955   0.9002   0.9495   0.5012   0.0057   0.9428   0.9568   0.4490   0.4231  -0.9425   0.8590   0.0460   0.9826   0.9743   0.8936   1.0000   0.9887   0.9833
y            0.9702   0.8922   0.9157   0.4263  -0.0560   0.8977   0.9765   0.3497   0.5228  -0.9577   0.9261  -0.0736   0.9841   0.9658   0.9141   0.9887   1.0000   0.9966
T            0.9632   0.8549   0.9289   0.3588  -0.1327   0.8900   0.9896   0.3521   0.5317  -0.9766   0.9281  -0.0382   0.9933   0.9768   0.9442   0.9833   0.9966   1.0000


AUTOCORRELATION OF SIMULATED VARIABLES (HP filter, lambda = 1600)
VARIABLE          1        2        3        4        5
C            0.7815   0.5442   0.3535   0.1916   0.0510
cm           0.7688   0.6020   0.4624   0.3234   0.1850
ch           0.8053   0.5386   0.3244   0.1499   0.0057
k            0.9537   0.8494   0.7073   0.5421   0.3663
km           0.9323   0.8162   0.6730   0.5107   0.3432
kh           0.7634   0.5344   0.3518   0.1867   0.0520
x            0.6539   0.4198   0.2571   0.1168   0.0030
xm           0.3725   0.2046   0.1442   0.0400   0.0071
xh          -0.0127  -0.0998  -0.0349  -0.0656  -0.0192
l            0.6847   0.4421   0.2677   0.1200   0.0004
hm           0.4615   0.2730   0.1820   0.0861   0.0088
hh           0.5399   0.3484   0.2502   0.1410   0.0469
zm           0.7333   0.4846   0.2971   0.1424   0.0116
zh           0.7328   0.4834   0.2946   0.1364   0.0072
r            0.7489   0.4965   0.3037   0.1462   0.0122
w            0.7425   0.5102   0.3308   0.1774   0.0447
y            0.6677   0.4468   0.2907   0.1531   0.0353
T            0.6781   0.4462   0.2810   0.1396   0.0196



VARIANCE DECOMPOSITION SIMULATING ONE SHOCK AT A TIME (in percent) (HP filter, lambda = 1600)
                    eh                em  Tot. lin. contr.
C                98.41              0.67             99.08
cm               82.27             12.63             94.91
ch              100.58              1.21            101.78
k                94.83              2.19             97.02
km               92.18              4.98             97.16
kh               98.58              4.14            102.72
x                96.77              1.47             98.24
xm               93.25              9.69            102.94
xh               97.21              5.18            102.40
l                98.48              0.49             98.97
hm               80.46             14.49             94.96
hh               48.53             51.89            100.42
zm               96.61              1.69             98.31
zh              100.11              0.00            100.11
r                96.27              1.88             98.14
w                96.58              1.68             98.26
y                92.81              4.22             97.03
T                93.65              3.64             97.30
Note: numbers do not add up to 100 due to non-zero correlation of simulated shocks in small samples

Total computing time : 0h00m05s
