Starting Dynare (version 5.3).
Calling Dynare with arguments: none
Starting preprocessing of the model file ...
Found 18 equation(s).
Evaluating expressions...done
Computing static model derivatives (order 1).
Computing dynamic model derivatives (order 1).
Processing outputs ...
done
Preprocessing completed.

    "Model with increased willingness to substitute between home and market (logs)"

    "The numbering of the equations is referenced to the P&P solutions."

    "Manuel Bieri and Michael Wagner (2023)"





Residuals of the static equations:

Equation number 1 : 0 : (113) Resource Constraint
Equation number 2 : 0 : (114) Household FOC w.r.t. hh
Equation number 3 : 0 : (115) Household FOC w.r.t. hm
Equation number 4 : 0 : (116) Household FOC w.r.t. kh
Equation number 5 : 0 : (117) Household FOC w.r.t. km
Equation number 6 : 0 : (118) Firm FOC w.r.t. km
Equation number 7 : 0 : (119) Firm FOC w.r.t. hm
Equation number 8 : 0 : (120) Market Output
Equation number 9 : 0 : (121) Total Consumption
Equation number 10 : 0 : (122) Leisure
Equation number 11 : 0 : (123) Home production
Equation number 12 : 0 : (124) Market Investments
Equation number 13 : 0 : (125) Home Investments
Equation number 14 : 0 : (126) Total Investments
Equation number 15 : 0 : (127) Total Capital
Equation number 16 : 0 : (128) Government Transfer
Equation number 17 : 0 : (129) Market Technology
Equation number 18 : 0 : (130) Home Technology



STEADY-STATE RESULTS:

C  		 -0.722515
cm 		 -0.822625
ch 		 -0.586307
l  		 -0.867501
hm 		 -1.10866
hh 		 -1.38629
k  		 1.66694
km 		 0.856215
kh 		 1.079
x  		 -1.90241
xm 		 -2.71314
xh 		 -2.49036
r  		 -2.60923
T  		 -1.68009
w  		 0.229753
y  		 -0.530203
zm 		 0
zh 		 0

EIGENVALUES:
         Modulus             Real        Imaginary

       4.792e-15        4.792e-15                0
            0.95             0.95                0
            0.95             0.95                0
           0.959            0.959                0
           1.121            1.121                0
       1.619e+16        1.619e+16                0
       1.757e+16        1.757e+16                0
       5.479e+18        5.479e+18                0


There are 4 eigenvalue(s) larger than 1 in modulus 
for 4 forward-looking variable(s)

The rank condition is verified.

MODEL_DIAGNOSTICS:  No obvious problems with this mod-file were detected.
                                          Information about Model2a_log (dynamic model)

The following variables appear with a lag and are therefore states:
km(-1)
kh(-1)
zm(-1)
zh(-1)

The following variables appear with a lead and are therefore forward-looking variables:
C(1)
cm(1)
ch(1)
r(1)

The following variables do not appear with a lead or lag and are therefore purely static variables:
l
hm
hh
k
x
xm
xh
T
w
y


MODEL SUMMARY

  Number of variables:         18
  Number of stochastic shocks: 2
  Number of state variables:   4
  Number of jumpers:           4
  Number of static variables:  10


MATRIX OF COVARIANCE OF EXOGENOUS SHOCKS
Variables          eh        em
eh           0.002025  0.000298
em           0.000298  0.000098

POLICY AND TRANSITION FUNCTIONS
                                   C              cm              ch               k              km              kh               x              xm              xh               l              hm              hh              zm              zh               r               w               y               T
Constant                   -0.722515       -0.822625       -0.586307        1.666945        0.856215        1.078998       -1.902411       -2.713141       -2.490358       -0.867501       -1.108663       -1.386294               0               0       -2.609234        0.229753       -0.530203       -1.680092
km(-1)                      0.137683        0.361471       -0.143777        0.449873        0.524650        0.390030        0.634953      -15.950781       13.908325       -0.025205        0.193327       -0.212846               0               0       -0.569189        0.237485        0.430811        0.312527
kh(-1)                      0.293202        0.122833        0.507478        0.501017        0.584295        0.434371       -1.386172       20.835750      -19.170121        0.128027       -0.368155        0.270878               0               0       -0.259770        0.108385       -0.259770       -0.313753
zm(-1)                      0.289204        0.783363       -0.332307        0.046257        0.751865       -0.518433        1.649520       26.811232      -18.487110       -0.077601        0.471449       -0.491942        0.950000               0        1.002974        0.531525        1.002974        1.211404
zh(-1)                      0.126810       -0.497044        0.911440        0.029726       -0.618112        0.548184        1.060033      -22.041653       19.548047       -0.123805       -0.144916        0.399282               0        0.950000       -0.102253        0.042663       -0.102253       -0.123502
eh                          0.133484       -0.523204        0.959410        0.031291       -0.650645        0.577036        1.115824      -23.201740       20.576892       -0.130321       -0.152543        0.420297               0        1.000000       -0.107635        0.044909       -0.107635       -0.130002
em                          0.304426        0.824593       -0.349797        0.048692        0.791437       -0.545719        1.736337       28.222350      -19.460116       -0.081686        0.496262       -0.517834        1.000000               0        1.055763        0.559500        1.055763        1.275162


MOMENTS OF SIMULATED VARIABLES (HP filter, lambda = 1600)
VARIABLE              MEAN       STD. DEV.        VARIANCE        SKEWNESS        KURTOSIS
C                -0.719093        0.014702        0.000216        0.118816        0.051653
cm               -0.849901        0.031951        0.001021       -0.076000       -0.108066
ch               -0.544276        0.071336        0.005089        0.082092       -0.078528
k                 1.660790        0.004384        0.000019        0.388034        0.065827
km                0.825988        0.033351        0.001112       -0.049482       -0.053571
kh                1.092108        0.030575        0.000935        0.078781       -0.116648
x                -1.906697        0.064295        0.004134        0.033143        0.066653
xm               -2.745785        0.855290        0.731521       -0.131882        0.036981
xh               -2.471950        0.781335        0.610484        0.129286        0.037330
l                -0.869105        0.006482        0.000042       -0.018356        0.091965
hm               -1.124904        0.022154        0.000491       -0.085660       -0.141560
hh               -1.362160        0.034086        0.001162        0.088410       -0.124505
zm               -0.001572        0.013412        0.000180        0.042164        0.245521
zh                0.031862        0.061175        0.003742        0.057305       -0.017576
r                -2.600524        0.016160        0.000261        0.031523        0.264658
w                 0.224547        0.008338        0.000070        0.047686        0.004791
y                -0.551650        0.023564        0.000555       -0.071272       -0.055123
T                -1.699729        0.022473        0.000505       -0.087414       -0.058608


CORRELATION OF SIMULATED VARIABLES (HP filter, lambda = 1600)
VARIABLE          C       cm       ch        k       km       kh        x       xm       xh        l       hm       hh       zm       zh        r        w        y        T
C            1.0000  -0.8892   0.9662   0.6526  -0.8736   0.9310   0.5118  -0.1428   0.2010  -0.7224  -0.8070   0.9232   0.7965   0.9592   0.8407   0.6013  -0.5459  -0.4468
cm          -0.8892   1.0000  -0.9771  -0.4382   0.9779  -0.9668  -0.3592   0.2189  -0.2450   0.6384   0.9117  -0.9861  -0.4803  -0.9418  -0.6286  -0.2642   0.7636   0.7068
ch           0.9662  -0.9771   1.0000   0.5505  -0.9574   0.9779   0.4405  -0.1898   0.2315  -0.6958  -0.8891   0.9851   0.6412   0.9768   0.7453   0.4286  -0.6842  -0.6061
k            0.6526  -0.4382   0.5505   1.0000  -0.3802   0.5900   0.2740  -0.0576   0.0910  -0.3703  -0.4566   0.5100   0.4833   0.5366   0.3490   0.4953  -0.2540  -0.2142
km          -0.8736   0.9779  -0.9574  -0.3802   1.0000  -0.9711  -0.5266   0.3979  -0.4266   0.7697   0.8069  -0.9382  -0.5373  -0.9656  -0.6036  -0.3761   0.6255   0.5657
kh           0.9310  -0.9668   0.9779   0.5900  -0.9711   1.0000   0.5304  -0.3622   0.3959  -0.7675  -0.8222   0.9506   0.5938   0.9814   0.6170   0.4562  -0.6116  -0.5491
x            0.5118  -0.3592   0.4405   0.2740  -0.5266   0.5304   1.0000  -0.8114   0.8590  -0.9476   0.0181   0.2872   0.7266   0.6214   0.3577   0.8795   0.3283   0.3977
xm          -0.1428   0.2189  -0.1898  -0.0576   0.3979  -0.3622  -0.8114   1.0000  -0.9962   0.7491  -0.1842  -0.0813  -0.1987  -0.3692   0.1868  -0.4706  -0.3397  -0.3283
xh           0.2010  -0.2450   0.2315   0.0910  -0.4266   0.3959   0.8590  -0.9962   1.0000  -0.7966   0.1641   0.1137   0.2817   0.4155  -0.1106   0.5426   0.3463   0.3465
l           -0.7224   0.6384  -0.6958  -0.3703   0.7697  -0.7675  -0.9476   0.7491  -0.7966   1.0000   0.2953  -0.5728  -0.7578  -0.8333  -0.5041  -0.8112  -0.0094  -0.0852
hm          -0.8070   0.9117  -0.8891  -0.4566   0.8069  -0.8222   0.0181  -0.1842   0.1641   0.2953   1.0000  -0.9523  -0.3256  -0.7721  -0.6308  -0.0136   0.9353   0.8865
hh           0.9232  -0.9861   0.9851   0.5100  -0.9382   0.9506   0.2872  -0.0813   0.1137  -0.5728  -0.9523   1.0000   0.5214   0.9286   0.7023   0.2709  -0.7994  -0.7333
zm           0.7965  -0.4803   0.6412   0.4833  -0.5373   0.5938   0.7266  -0.1987   0.2817  -0.7578  -0.3256   0.5214   1.0000   0.7195   0.8616   0.9119   0.0166   0.1461
zh           0.9592  -0.9418   0.9768   0.5366  -0.9656   0.9814   0.6214  -0.3692   0.4155  -0.8333  -0.7721   0.9286   0.7195   1.0000   0.7233   0.5724  -0.5233  -0.4406
r            0.8407  -0.6286   0.7453   0.3490  -0.6036   0.6170   0.3577   0.1868  -0.1106  -0.5041  -0.6308   0.7023   0.8616   0.7233   1.0000   0.5772  -0.3888  -0.2582
w            0.6013  -0.2642   0.4286   0.4953  -0.3761   0.4562   0.8795  -0.4706   0.5426  -0.8112  -0.0136   0.2709   0.9119   0.5724   0.5772   1.0000   0.3410   0.4439
y           -0.5459   0.7636  -0.6842  -0.2540   0.6255  -0.6116   0.3283  -0.3397   0.3463  -0.0094   0.9353  -0.7994   0.0166  -0.5233  -0.3888   0.3410   1.0000   0.9905
T           -0.4468   0.7068  -0.6061  -0.2142   0.5657  -0.5491   0.3977  -0.3283   0.3465  -0.0852   0.8865  -0.7333   0.1461  -0.4406  -0.2582   0.4439   0.9905   1.0000


AUTOCORRELATION OF SIMULATED VARIABLES (HP filter, lambda = 1600)
VARIABLE          1        2        3        4        5
C            0.8231   0.5616   0.3483   0.1760   0.0270
cm           0.8149   0.5466   0.3309   0.1522   0.0074
ch           0.8214   0.5526   0.3339   0.1563   0.0083
k            0.9115   0.7839   0.6421   0.4879   0.3316
km           0.7328   0.4853   0.2984   0.1374   0.0126
kh           0.7352   0.4876   0.2993   0.1358   0.0072
x            0.2278   0.0839   0.0673   0.0146  -0.0146
xm          -0.0350  -0.1162  -0.0455  -0.0693  -0.0163
xh          -0.0295  -0.1131  -0.0452  -0.0676  -0.0196
l            0.3439   0.1770   0.1192   0.0410  -0.0081
hm           0.8072   0.5381   0.3245   0.1465  -0.0009
hh           0.8453   0.5698   0.3429   0.1586   0.0054
zm           0.7267   0.4835   0.3137   0.1736   0.0412
zh           0.7328   0.4834   0.2946   0.1364   0.0072
r            0.7555   0.5070   0.3245   0.1666   0.0434
w            0.5495   0.3548   0.2517   0.1509   0.0496
y            0.6983   0.4513   0.2790   0.1258  -0.0028
T            0.6900   0.4436   0.2760   0.1263  -0.0031



VARIANCE DECOMPOSITION SIMULATING ONE SHOCK AT A TIME (in percent) (HP filter, lambda = 1600)
                    eh                em  Tot. lin. contr.
C                95.34              3.15             98.50
cm               95.48              8.36            103.84
ch              100.73              0.83            101.56
k                46.00             47.48             93.48
km               96.61              6.22            102.83
kh               99.16              3.35            102.51
x                79.39             16.48             95.87
xm               97.98              4.85            102.82
xh               98.52              3.46            101.98
l                91.40              5.46             96.86
hm               92.89             11.15            104.04
hh               98.59              4.52            103.12
zm               44.99             48.53             93.52
zh              100.11              0.00            100.11
r                66.64             30.63             97.27
w                39.71             53.87             93.58
y                71.69             32.42            104.11
T                59.60             44.19            103.79
Note: numbers do not add up to 100 due to non-zero correlation of simulated shocks in small samples

Total computing time : 0h00m05s
