Starting Dynare (version 5.3).
Calling Dynare with arguments: none
Starting preprocessing of the model file ...
Found 18 equation(s).
Evaluating expressions...done
Computing static model derivatives (order 1).
Computing dynamic model derivatives (order 1).
Processing outputs ...
done
Preprocessing completed.

    "Model with increased willingness to substitute between home and market (levels)"

    "The numbering of the equations is referenced to the P&P solutions."

    "Manuel Bieri and Michael Wagner (2023)"





Residuals of the static equations:

Equation number 1 : 0 : (41) Resource Constraint
Equation number 2 : 0 : (42) Household FOC w.r.t. hh
Equation number 3 : 0 : (43) Household FOC w.r.t. hm
Equation number 4 : 0 : (44) Household FOC w.r.t. kh
Equation number 5 : 0 : (45) Household FOC w.r.t. km
Equation number 6 : 0 : (46) Firm FOC w.r.t. km
Equation number 7 : 0 : (47) Firm FOC w.r.t. hm
Equation number 8 : 0 : (48) Market Output
Equation number 9 : 0 : (49) Total Consumption
Equation number 10 : 0 : (50) Leisure
Equation number 11 : 0 : (51) Home production
Equation number 12 : 0 : (52) Market Investments
Equation number 13 : 0 : (53) Home Investments
Equation number 14 : 0 : (54) Total Investments
Equation number 15 : 0 : (55) Total Capital
Equation number 16 : 0 : (56) Government Transfer
Equation number 17 : 0 : (57) Market Technology
Equation number 18 : 0 : (58) Home Technology



STEADY-STATE RESULTS:

C  		 0.48553
cm 		 0.439277
ch 		 0.556378
l  		 0.42
hm 		 0.33
hh 		 0.25
k  		 5.29596
km 		 2.35423
kh 		 2.94173
x  		 0.149208
xm 		 0.0663282
xh 		 0.0828803
r  		 0.0735909
T  		 0.186357
w  		 1.25829
y  		 0.588486
zm 		 1
zh 		 1

EIGENVALUES:
         Modulus             Real        Imaginary

       1.344e-14       -1.344e-14                0
            0.95             0.95                0
            0.95             0.95                0
           0.959            0.959                0
           1.121            1.121                0
       4.891e+16        4.891e+16                0
       2.508e+17       -2.508e+17                0
             Inf             -Inf                0


There are 4 eigenvalue(s) larger than 1 in modulus 
for 4 forward-looking variable(s)

The rank condition is verified.

MODEL_DIAGNOSTICS:  No obvious problems with this mod-file were detected.
                                          Information about Model2_level (dynamic model)

The following variables appear with a lag and are therefore states:
km(-1)
kh(-1)
zm(-1)
zh(-1)

The following variables appear with a lead and are therefore forward-looking variables:
C(1)
cm(1)
ch(1)
r(1)

The following variables do not appear with a lead or lag and are therefore purely static variables:
l
hm
hh
k
x
xm
xh
T
w
y


MODEL SUMMARY

  Number of variables:         18
  Number of stochastic shocks: 2
  Number of state variables:   4
  Number of jumpers:           4
  Number of static variables:  10


MATRIX OF COVARIANCE OF EXOGENOUS SHOCKS
Variables          eh        em
eh           0.000098  0.000066
em           0.000066  0.000098

POLICY AND TRANSITION FUNCTIONS
                                   C              cm              ch               k              km              kh               x              xm              xh               l              hm              hh              zm              zh               r               w               y               T
Constant                    0.485530        0.439277        0.556378        5.295963        2.354233        2.941730        0.149208        0.066328        0.082880        0.420000        0.330000        0.250000        1.000000        1.000000        0.073591        1.258289        0.588486        0.186357
km(-1)                      0.028395        0.067447       -0.033979        1.012012        0.524650        0.487362        0.040243       -0.449397        0.489640       -0.004497        0.027099       -0.022602               0               0       -0.017792        0.126931        0.107690        0.024739
kh(-1)                      0.048393        0.018342        0.095981        0.901976        0.467605        0.434371       -0.070308        0.469791       -0.540099        0.018279       -0.041299        0.023020               0               0       -0.006498        0.046360       -0.051966       -0.019876
zm(-1)                      0.140417        0.344114       -0.184888        0.244977        1.770066       -1.525089        0.246122        1.778340       -1.532217       -0.032593        0.155578       -0.122986        0.950000               0        0.073810        0.668813        0.590236        0.225753
zh(-1)                      0.061570       -0.218340        0.507105        0.157430       -1.455181        1.612611        0.158166       -1.461982        1.620148       -0.051998       -0.047822        0.099820               0        0.950000       -0.007525        0.053683       -0.060174       -0.023015
eh                          0.064810       -0.229832        0.533795        0.165716       -1.531769        1.697485        0.166490       -1.538929        1.705419       -0.054735       -0.050339        0.105074               0        1.000000       -0.007921        0.056508       -0.063341       -0.024227
em                          0.147808        0.362225       -0.194619        0.257871        1.863228       -1.605357        0.259076        1.871937       -1.612860       -0.034308        0.163766       -0.129458        1.000000               0        0.077695        0.704013        0.621301        0.237635


MOMENTS OF SIMULATED VARIABLES (HP filter, lambda = 1600)
VARIABLE              MEAN       STD. DEV.        VARIANCE        SKEWNESS        KURTOSIS
C                 0.485014        0.002761        0.000008        0.196578        0.131563
cm                0.435228        0.004110        0.000017       -0.006434       -0.160484
ch                0.561495        0.006846        0.000047        0.100825       -0.155606
k                 5.269458        0.022079        0.000487        0.374386        0.104158
km                2.326409        0.021153        0.000447        0.015995       -0.097950
kh                2.943049        0.019249        0.000371        0.221307       -0.146786
x                 0.148763        0.005872        0.000034       -0.027063        0.217330
xm                0.065690        0.012842        0.000165        0.044325        0.089116
xh                0.083074        0.013162        0.000173       -0.006561       -0.031397
l                 0.419816        0.001187        0.000001        0.053851        0.271392
hm                0.328583        0.002546        0.000006       -0.107497       -0.169648
hh                0.251601        0.001846        0.000003        0.126714       -0.201924
zm                0.998428        0.013412        0.000180        0.042164        0.245521
zh                1.007024        0.013487        0.000182        0.057305       -0.017576
r                 0.073903        0.000959        0.000001       -0.064637        0.255681
w                 1.254082        0.010681        0.000114        0.121543        0.169162
y                 0.583991        0.009153        0.000084        0.013378        0.018153
T                 0.185098        0.003324        0.000011       -0.002398        0.077178


CORRELATION OF SIMULATED VARIABLES (HP filter, lambda = 1600)
VARIABLE          C       cm       ch        k       km       kh        x       xm       xh        l       hm       hh       zm       zh        r        w        y        T
C            1.0000   0.5027   0.5628   0.5150   0.3815   0.1715   0.8734   0.2786   0.1178  -0.8748   0.5695  -0.2230   0.9029   0.8604   0.7870   0.9226   0.7860   0.8050
cm           0.5027   1.0000  -0.4317   0.4069   0.9337  -0.5593   0.6715   0.3563  -0.0481  -0.5293   0.9285  -0.9401   0.7052   0.0580   0.5405   0.7681   0.8798   0.8494
ch           0.5628  -0.4317   1.0000   0.1483  -0.4948   0.7138   0.2693  -0.0500   0.1689  -0.4067  -0.2935   0.6663   0.2678   0.8423   0.3044   0.2282  -0.0211   0.0279
k            0.5150   0.4069   0.1483   1.0000   0.6042   0.4830   0.2411  -0.0840   0.1895  -0.1715   0.1998  -0.1653   0.2512   0.2059  -0.0619   0.4366   0.3374   0.2848
km           0.3815   0.9337  -0.4948   0.6042   1.0000  -0.4058   0.4303   0.3483  -0.1478  -0.2669   0.7390  -0.8476   0.4905  -0.1310   0.2698   0.6023   0.6953   0.6473
kh           0.1715  -0.5593   0.7138   0.4830  -0.4058   1.0000  -0.1963  -0.4790   0.3798   0.0966  -0.5829   0.7418  -0.2509   0.3801  -0.3675  -0.1610  -0.3770  -0.3846
x            0.8734   0.6715   0.2693   0.2411   0.4303  -0.1963   1.0000   0.1734   0.2770  -0.9841   0.8401  -0.5259   0.9731   0.7439   0.8947   0.9644   0.9430   0.9583
xm           0.2786   0.3563  -0.0500  -0.0840   0.3483  -0.4790   0.1734   1.0000  -0.8983  -0.1098   0.2256  -0.2406   0.3896   0.0325   0.5053   0.2919   0.2712   0.3133
xh           0.1178  -0.0481   0.1689   0.1895  -0.1478   0.3798   0.2770  -0.8983   1.0000  -0.3319   0.1547   0.0001   0.0540   0.3002  -0.0939   0.1455   0.1561   0.1219
l           -0.8748  -0.5293  -0.4067  -0.1715  -0.2669   0.0966  -0.9841  -0.1098  -0.3319   1.0000  -0.7417   0.3800  -0.9439  -0.8348  -0.8950  -0.9182  -0.8690  -0.8938
hm           0.5695   0.9285  -0.2935   0.1998   0.7390  -0.5829   0.8401   0.2256   0.1547  -0.7417   1.0000  -0.9023   0.8223   0.2627   0.7133   0.8424   0.9558   0.9419
hh          -0.2230  -0.9401   0.6663  -0.1653  -0.8476   0.7418  -0.5259  -0.2406   0.0001   0.3800  -0.9023   1.0000  -0.5272   0.1745  -0.4084  -0.5715  -0.7595  -0.7244
zm           0.9029   0.7052   0.2678   0.2512   0.4905  -0.2509   0.9731   0.3896   0.0540  -0.9439   0.8223  -0.5272   1.0000   0.7195   0.9421   0.9767   0.9409   0.9637
zh           0.8604   0.0580   0.8423   0.2059  -0.1310   0.3801   0.7439   0.0325   0.3002  -0.8348   0.2627   0.1745   0.7195   1.0000   0.7076   0.6836   0.5033   0.5464
r            0.7870   0.5405   0.3044  -0.0619   0.2698  -0.3675   0.8947   0.5053  -0.0939  -0.8950   0.7133  -0.4084   0.9421   0.7076   1.0000   0.8481   0.8167   0.8641
w            0.9226   0.7681   0.2282   0.4366   0.6023  -0.1610   0.9644   0.2919   0.1455  -0.9182   0.8424  -0.5715   0.9767   0.6836   0.8481   1.0000   0.9636   0.9692
y            0.7860   0.8798  -0.0211   0.3374   0.6953  -0.3770   0.9430   0.2712   0.1561  -0.8690   0.9558  -0.7595   0.9409   0.5033   0.8167   0.9636   1.0000   0.9962
T            0.8050   0.8494   0.0279   0.2848   0.6473  -0.3846   0.9583   0.3133   0.1219  -0.8938   0.9419  -0.7244   0.9637   0.5464   0.8641   0.9692   0.9962   1.0000


AUTOCORRELATION OF SIMULATED VARIABLES (HP filter, lambda = 1600)
VARIABLE          1        2        3        4        5
C            0.7567   0.5397   0.3702   0.2255   0.0859
cm           0.8068   0.5728   0.4005   0.2474   0.1149
ch           0.7990   0.5357   0.3229   0.1509   0.0134
k            0.9623   0.8708   0.7432   0.5926   0.4303
km           0.8104   0.6306   0.4891   0.3429   0.2131
kh           0.7616   0.5437   0.3846   0.2213   0.0877
x            0.7444   0.4923   0.3157   0.1652   0.0356
xm          -0.0274  -0.1091   0.0152  -0.0410  -0.0623
xh          -0.0389  -0.1228   0.0084  -0.0621  -0.0720
l            0.7211   0.4715   0.2989   0.1482   0.0225
hm           0.8079   0.5424   0.3511   0.1908   0.0559
hh           0.8357   0.5671   0.3634   0.1946   0.0580
zm           0.7267   0.4835   0.3137   0.1736   0.0412
zh           0.7328   0.4834   0.2946   0.1364   0.0072
r            0.6864   0.4522   0.2958   0.1641   0.0349
w            0.7663   0.5328   0.3620   0.2169   0.0813
y            0.7841   0.5342   0.3551   0.2041   0.0699
T            0.7697   0.5183   0.3403   0.1915   0.0578



VARIANCE DECOMPOSITION SIMULATING ONE SHOCK AT A TIME (in percent) (HP filter, lambda = 1600)
                    eh                em  Tot. lin. contr.
C                74.41             21.07             95.47
cm                1.71             97.56             99.27
ch               79.86             27.88            107.73
k                38.01             52.51             90.52
km               13.35             85.64             98.99
kh               29.57             73.16            102.73
x                48.80             43.99             92.78
xm                9.16             94.63            103.79
xh               19.46             83.69            103.15
l                64.38             28.73             93.11
hm                5.23             91.94             97.17
hh                7.36             96.38            103.73
zm               44.99             48.53             93.52
zh              100.11              0.00            100.11
r                46.79             47.10             93.89
w                41.19             51.98             93.17
y                19.69             74.41             94.10
T                23.66             70.16             93.82
Note: numbers do not add up to 100 due to non-zero correlation of simulated shocks in small samples

Total computing time : 0h00m05s
