Starting Dynare (version 5.3).
Calling Dynare with arguments: none
Starting preprocessing of the model file ...
Found 18 equation(s).
Evaluating expressions...done
Computing static model derivatives (order 1).
Computing dynamic model derivatives (order 1).
Processing outputs ...
done
Preprocessing completed.

    "Model with increased incentive to substitute between home and market (levels)"

    "The numbering of the equations is referenced to the P&P solutions."





Residuals of the static equations:

Equation number 1 : 0 : (41) Resource Constraint
Equation number 2 : 0 : (42) Household FOC w.r.t. hh
Equation number 3 : 0 : (43) Household FOC w.r.t. hm
Equation number 4 : 0 : (44) Household FOC w.r.t. kh
Equation number 5 : 0 : (45) Household FOC w.r.t. km
Equation number 6 : 0 : (46) Firm FOC w.r.t. km
Equation number 7 : 0 : (47) Firm FOC w.r.t. hm
Equation number 8 : 0 : (48) Market Output
Equation number 9 : 0 : (49) Total Consumption
Equation number 10 : 0 : (50) Leisure
Equation number 11 : 0 : (51) Home production
Equation number 12 : 0 : (52) Market Investments
Equation number 13 : 0 : (53) Home Investments
Equation number 14 : 0 : (54) Total Investments
Equation number 15 : 0 : (55) Total Capital
Equation number 16 : 0 : (56) Government Transfer
Equation number 17 : 0 : (57) Market Technology
Equation number 18 : 0 : (58) Home Technology



STEADY-STATE RESULTS:

C  		 0.486412
cm 		 0.439277
ch 		 0.556378
l  		 0.42
hm 		 0.33
hh 		 0.25
k  		 5.29596
km 		 2.35423
kh 		 2.94173
x  		 0.149208
xm 		 0.0663282
xh 		 0.0828803
r  		 0.0735909
T  		 0.186357
w  		 1.25829
y  		 0.588486
zm 		 1
zh 		 1

EIGENVALUES:
         Modulus             Real        Imaginary

       2.311e-14        2.311e-14                0
            0.95             0.95                0
            0.95             0.95                0
          0.9588           0.9588                0
           1.119            1.119                0
       1.313e+18       -1.313e+18                0
             Inf              Inf                0
             Inf              Inf                0


There are 4 eigenvalue(s) larger than 1 in modulus 
for 4 forward-looking variable(s)

The rank condition is verified.

MODEL_DIAGNOSTICS:  No obvious problems with this mod-file were detected.
                                          Information about Model3_level (dynamic model)

The following variables appear with a lag and are therefore states:
km(-1)
kh(-1)
zm(-1)
zh(-1)

The following variables appear with a lead and are therefore forward-looking variables:
C(1)
cm(1)
ch(1)
r(1)

The following variables do not appear with a lead or lag and are therefore purely static variables:
l
hm
hh
k
x
xm
xh
T
w
y


MODEL SUMMARY

  Number of variables:         18
  Number of stochastic shocks: 2
  Number of state variables:   4
  Number of jumpers:           4
  Number of static variables:  10


MATRIX OF COVARIANCE OF EXOGENOUS SHOCKS
Variables          eh        em
eh           0.000098  0.000000
em           0.000000  0.000098

POLICY AND TRANSITION FUNCTIONS
                                   C              cm              ch               k              km              kh               x              xm              xh               l              hm              hh              zm              zh               r               w               y               T
Constant                    0.486412        0.439277        0.556378        5.295963        2.354233        2.941730        0.149208        0.066328        0.082880        0.420000        0.330000        0.250000        1.000000        1.000000        0.073591        1.258289        0.588486        0.186357
km(-1)                      0.023896        0.050852       -0.019295        1.020037        0.501918        0.518120        0.048305       -0.472236        0.520541       -0.007483        0.020318       -0.012835               0               0       -0.018859        0.134543        0.099157        0.021476
kh(-1)                      0.050332        0.027226        0.086608        0.899497        0.442605        0.456892       -0.072799        0.444673       -0.517472        0.019432       -0.036218        0.016786               0               0       -0.005699        0.040656       -0.045573       -0.017431
zm(-1)                      0.099213        0.234153       -0.116790        0.333251        0.922366       -0.589115        0.334808        0.926677       -0.591869       -0.060983        0.138670       -0.077687        0.950000               0        0.071149        0.687793        0.568961        0.217616
zh(-1)                      0.109722       -0.085243        0.419144        0.057236       -0.476979        0.534215        0.057504       -0.479209        0.536712       -0.019265       -0.022045        0.041310               0        0.950000       -0.003469        0.024747       -0.027739       -0.010610
eh                          0.115497       -0.089729        0.441205        0.060249       -0.502083        0.562332        0.060530       -0.504430        0.564960       -0.020279       -0.023205        0.043484               0        1.000000       -0.003651        0.026049       -0.029199       -0.011168
em                          0.104434        0.246477       -0.122937        0.350790        0.970911       -0.620121        0.352430        0.975449       -0.623020       -0.064193        0.145969       -0.081776        1.000000               0        0.074894        0.723992        0.598906        0.229070


MOMENTS OF SIMULATED VARIABLES (HP filter, lambda = 1600)
VARIABLE              MEAN       STD. DEV.        VARIANCE        SKEWNESS        KURTOSIS
C                 0.483116        0.002241        0.000005        0.223111        0.252501
cm                0.432682        0.003551        0.000013       -0.061527       -0.109662
ch                0.558371        0.006808        0.000046        0.110269       -0.145682
k                 5.202103        0.021465        0.000461        0.246990       -0.307295
km                2.297613        0.017327        0.000300        0.037105       -0.044579
kh                2.904489        0.014538        0.000211        0.233101       -0.388492
x                 0.146656        0.005399        0.000029       -0.115059       -0.205699
xm                0.064759        0.009610        0.000092       -0.007359        0.065986
xh                0.081897        0.008896        0.000079        0.014709       -0.125087
l                 0.420095        0.001042        0.000001        0.132899       -0.175851
hm                0.328812        0.002321        0.000005       -0.152477       -0.218183
hh                0.251093        0.001416        0.000002        0.142776       -0.135349
zm                0.991608        0.012529        0.000157       -0.071352       -0.172101
zh                1.007024        0.013487        0.000182        0.057305       -0.017576
r                 0.074218        0.000896        0.000001       -0.111796       -0.151059
w                 1.243258        0.010007        0.000100       -0.021977       -0.181894
y                 0.579338        0.008675        0.000075       -0.091798       -0.206679
T                 0.183790        0.003165        0.000010       -0.100804       -0.211038


CORRELATION OF SIMULATED VARIABLES (HP filter, lambda = 1600)
VARIABLE          C       cm       ch        k       km       kh        x       xm       xh        l       hm       hh       zm       zh        r        w        y        T
C            1.0000   0.2924   0.6072   0.4746   0.2802   0.3667   0.5563   0.1355   0.1913  -0.5933   0.3035  -0.0607   0.5548   0.7957   0.4364   0.5953   0.4659   0.4694
cm           0.2924   1.0000  -0.5822   0.4609   0.9233  -0.4200   0.8740   0.4898   0.0013  -0.8106   0.9457  -0.9533   0.8939  -0.3054   0.7480   0.9306   0.9532   0.9387
ch           0.6072  -0.5822   1.0000   0.0205  -0.5290   0.6607  -0.2532  -0.2918   0.1615   0.1690  -0.5277   0.7405  -0.2711   0.9302  -0.2505  -0.2671  -0.3959  -0.3809
k            0.4746   0.4609   0.0205   1.0000   0.7389   0.5958   0.2582  -0.1166   0.2826  -0.1933   0.2219  -0.2214   0.2555   0.0438  -0.0766   0.4514   0.3494   0.2918
km           0.2802   0.9233  -0.5290   0.7389   1.0000  -0.1009   0.6807   0.3312   0.0552  -0.5942   0.7602  -0.8085   0.7038  -0.3465   0.4623   0.8135   0.8015   0.7645
kh           0.3667  -0.4200   0.6607   0.5958  -0.1009   1.0000  -0.4300  -0.5669   0.3515   0.4229  -0.5785   0.6368  -0.4616   0.4776  -0.6640  -0.3031  -0.4395  -0.4804
x            0.5563   0.8740  -0.2532   0.2582   0.6807  -0.4300   1.0000   0.4082   0.1659  -0.9930   0.9553  -0.8348   0.9831   0.1068   0.9034   0.9718   0.9800   0.9852
xm           0.1355   0.4898  -0.2918  -0.1166   0.3312  -0.5669   0.4082   1.0000  -0.8325  -0.3729   0.4478  -0.4595   0.5622  -0.1880   0.6876   0.4464   0.4545   0.4969
xh           0.1913   0.0013   0.1615   0.2826   0.0552   0.3515   0.1659  -0.8325   1.0000  -0.1998   0.0959  -0.0102  -0.0107   0.2679  -0.1946   0.1075   0.1038   0.0611
l           -0.5933  -0.8106   0.1690  -0.1933  -0.5942   0.4229  -0.9930  -0.3729  -0.1998   1.0000  -0.9233   0.7772  -0.9674  -0.1981  -0.9083  -0.9439  -0.9497  -0.9596
hm           0.3035   0.9457  -0.5277   0.2219   0.7602  -0.5785   0.9553   0.4478   0.0959  -0.9233   1.0000  -0.9592   0.9461  -0.1905   0.8695   0.9352   0.9816   0.9815
hh          -0.0607  -0.9533   0.7405  -0.2214  -0.8085   0.6368  -0.8348  -0.4595  -0.0102   0.7772  -0.9592   1.0000  -0.8385   0.4580  -0.7563  -0.8380  -0.9097  -0.9022
zm           0.5548   0.8939  -0.2711   0.2555   0.7038  -0.4616   0.9831   0.5622  -0.0107  -0.9674   0.9461  -0.8385   1.0000   0.0705   0.9391   0.9756   0.9777   0.9884
zh           0.7957  -0.3054   0.9302   0.0438  -0.3465   0.4776   0.1068  -0.1880   0.2679  -0.1981  -0.1905   0.4580   0.0705   1.0000   0.0801   0.0600  -0.0585  -0.0389
r            0.4364   0.7480  -0.2505  -0.0766   0.4623  -0.6640   0.9034   0.6876  -0.1946  -0.9083   0.8695  -0.7563   0.9391   0.0801   1.0000   0.8407   0.8683   0.9026
w            0.5953   0.9306  -0.2671   0.4514   0.8135  -0.3031   0.9718   0.4464   0.1075  -0.9439   0.9352  -0.8380   0.9756   0.0600   0.8407   1.0000   0.9856   0.9807
y            0.4659   0.9532  -0.3959   0.3494   0.8015  -0.4395   0.9800   0.4545   0.1038  -0.9497   0.9816  -0.9097   0.9777  -0.0585   0.8683   0.9856   1.0000   0.9973
T            0.4694   0.9387  -0.3809   0.2918   0.7645  -0.4804   0.9852   0.4969   0.0611  -0.9596   0.9815  -0.9022   0.9884  -0.0389   0.9026   0.9807   0.9973   1.0000


AUTOCORRELATION OF SIMULATED VARIABLES (HP filter, lambda = 1600)
VARIABLE          1        2        3        4        5
C            0.7664   0.5508   0.3821   0.2362   0.0958
cm           0.7725   0.5457   0.3812   0.2244   0.0981
ch           0.7820   0.5194   0.3107   0.1384   0.0017
k            0.9649   0.8777   0.7558   0.6129   0.4595
km           0.8403   0.6761   0.5332   0.3840   0.2515
kh           0.8082   0.6181   0.4657   0.3056   0.1703
x            0.7795   0.5196   0.3376   0.1826   0.0495
xm           0.0091  -0.0796   0.0272  -0.0490  -0.0425
xh           0.0003  -0.0923   0.0172  -0.0641  -0.0501
l            0.7753   0.5133   0.3314   0.1781   0.0452
hm           0.7996   0.5324   0.3386   0.1732   0.0385
hh           0.8018   0.5355   0.3361   0.1645   0.0304
zm           0.7139   0.4733   0.3185   0.1727   0.0499
zh           0.7328   0.4834   0.2946   0.1364   0.0072
r            0.6505   0.4213   0.2900   0.1522   0.0389
w            0.7708   0.5386   0.3748   0.2249   0.0945
y            0.7823   0.5310   0.3525   0.1953   0.0635
T            0.7631   0.5114   0.3375   0.1825   0.0532



VARIANCE DECOMPOSITION SIMULATING ONE SHOCK AT A TIME (in percent) (HP filter, lambda = 1600)
                    eh                em  Tot. lin. contr.
C                59.51             36.52             96.03
cm               13.68             91.05            104.72
ch               92.75             12.87            105.62
k                 0.16            100.22            100.38
km               15.29             88.41            103.70
kh               27.26             77.62            104.88
x                 1.32             97.90             99.22
xm               25.85             80.13            105.98
xh               38.24             66.08            104.32
l                 3.16             94.61             97.77
hm                8.51             95.14            103.65
hh               28.68             78.18            106.85
zm                0.00            100.11            100.11
zh              100.11              0.00            100.11
r                 0.44            100.02            100.46
w                 0.18             99.93            100.11
y                 2.36             99.38            101.74
T                 1.61             99.88            101.49
Note: numbers do not add up to 100 due to non-zero correlation of simulated shocks in small samples

Total computing time : 0h00m06s
