Starting Dynare (version 5.3).
Calling Dynare with arguments: none
Starting preprocessing of the model file ...
Found 18 equation(s).
Evaluating expressions...done
Computing static model derivatives (order 1).
Computing dynamic model derivatives (order 1).
Processing outputs ...
done
Preprocessing completed.

    "Model with a more general home production function and highly correlated technology shocks (logs)"

    "The numbering of the equations is referenced to the P&P solutions."

    "Replace (83) with (160) for steady state calculation"

    "Replace (90) with (161) for steady state calculation"

    "Replace (92) with (162) for steady state calculation"

    "Replace (94) with (163) for steady state calculation"





Residuals of the static equations:

Equation number 1 : 0 : (113) Resource Constraint
Equation number 2 : 0 : (165) Household FOC w.r.t. hh
Equation number 3 : 0 : (115) Household FOC w.r.t. hm
Equation number 4 : 0 : (167) Household FOC w.r.t. kh
Equation number 5 : 0 : (117) Household FOC w.r.t. km
Equation number 6 : 0 : (118) Firm FOC w.r.t. km
Equation number 7 : 0 : (119) Firm FOC w.r.t. hm
Equation number 8 : 0 : (120) Market Output
Equation number 9 : 0 : (121) Total Consumption
Equation number 10 : 0 : (122) Leisure
Equation number 11 : 0 : (174) Home production
Equation number 12 : 0 : (124) Market Investments
Equation number 13 : 0 : (125) Home Investments
Equation number 14 : 0 : (126) Total Investments
Equation number 15 : 0 : (127) Total Capital
Equation number 16 : 0 : (128) Government Transfer
Equation number 17 : 0 : (129) Market Technology
Equation number 18 : 0 : (130) Home Technology



STEADY-STATE RESULTS:

C  		 -0.737024
cm 		 -0.805701
ch 		 -0.641431
l  		 -0.867501
hm 		 -1.10866
hh 		 -1.38629
k  		 1.61539
km 		 0.856215
kh 		 0.984179
x  		 -1.95397
xm 		 -2.71314
xh 		 -2.58518
r  		 -2.60923
T  		 -1.68009
w  		 0.229753
y  		 -0.530203
zm 		 0
zh 		 0

EIGENVALUES:
         Modulus             Real        Imaginary

        1.52e-15         1.52e-15                0
            0.95             0.95                0
            0.95             0.95                0
          0.9586           0.9586                0
           1.124            1.124                0
       1.563e+16        1.563e+16                0
       1.941e+16        1.941e+16                0
             Inf              Inf                0


There are 4 eigenvalue(s) larger than 1 in modulus 
for 4 forward-looking variable(s)

The rank condition is verified.

MODEL_DIAGNOSTICS:  No obvious problems with this mod-file were detected.
                                          Information about Model4a_Log (dynamic model)

The following variables appear with a lag and are therefore states:
km(-1)
kh(-1)
zm(-1)
zh(-1)

The following variables appear with a lead and are therefore forward-looking variables:
C(1)
cm(1)
ch(1)
r(1)

The following variables do not appear with a lead or lag and are therefore purely static variables:
l
hm
hh
k
x
xm
xh
T
w
y


MODEL SUMMARY

  Number of variables:         18
  Number of stochastic shocks: 2
  Number of state variables:   4
  Number of jumpers:           4
  Number of static variables:  10


MATRIX OF COVARIANCE OF EXOGENOUS SHOCKS
Variables          eh        em
eh           0.000098  0.000097
em           0.000097  0.000098

POLICY AND TRANSITION FUNCTIONS
                                   C              cm              ch               k              km              kh               x              xm              xh               l              hm              hh              zm              zh               r               w               y               T
Constant                   -0.737024       -0.805701       -0.641431        1.615390        0.856215        0.984179       -1.953966       -2.713141       -2.585177       -0.867501       -1.108663       -1.386294               0               0       -2.609234        0.229753       -0.530203       -1.680092
km(-1)                      0.148119        0.372552       -0.147655        0.471318        0.564448        0.389374        0.584499      -14.531601       13.884929       -0.017567        0.183093       -0.212169               0               0       -0.576410        0.240497        0.423590        0.303806
kh(-1)                      0.279611        0.117859        0.492780        0.477161        0.571446        0.394201       -1.421708       20.377549      -20.602549        0.120184       -0.358388        0.271162               0               0       -0.252878        0.105509       -0.252878       -0.305429
zm(-1)                      0.296670        0.783146       -0.344439        0.047324        0.719524       -0.544134        1.687559       25.657939      -19.403620       -0.073548        0.468557       -0.494935        0.950000               0        1.000934        0.532377        1.000934        1.208940
zh(-1)                      0.124092       -0.496238        0.941605        0.031914       -0.628107        0.612656        1.138023      -22.398049       21.847061       -0.125534       -0.145547        0.403018               0        0.950000       -0.102698        0.042849       -0.102698       -0.124040
eh                          0.130623       -0.522356        0.991163        0.033593       -0.661165        0.644901        1.197919      -23.576893       22.996907       -0.132141       -0.153207        0.424230               0        1.000000       -0.108103        0.045104       -0.108103       -0.130568
em                          0.312285        0.824364       -0.362568        0.049815        0.757393       -0.572773        1.776378       27.008357      -20.424863       -0.077419        0.493218       -0.520984        1.000000               0        1.053615        0.560397        1.053615        1.272568


MOMENTS OF SIMULATED VARIABLES (HP filter, lambda = 1600)
VARIABLE              MEAN       STD. DEV.        VARIANCE        SKEWNESS        KURTOSIS
C                -0.730202        0.006202        0.000038        0.067488       -0.197722
cm               -0.799512        0.004909        0.000024        0.116819       -0.112857
ch               -0.633774        0.008625        0.000074        0.058364       -0.167782
k                 1.625290        0.003982        0.000016       -0.013917       -0.165784
km                0.867171        0.004953        0.000025       -0.022307       -0.138607
kh                0.993151        0.003439        0.000012        0.034573       -0.059143
x                -1.941620        0.040430        0.001635        0.045775        0.101004
xm               -2.699240        0.057528        0.003309        0.126624       -0.005587
xh               -2.574199        0.044880        0.002014        0.002398       -0.115911
l                -0.867995        0.002854        0.000008       -0.040244        0.138550
hm               -1.108097        0.004787        0.000023        0.028126        0.219398
hh               -1.386210        0.001890        0.000004       -0.034802        0.162273
zm                0.005770        0.013591        0.000185        0.057051        0.056263
zh                0.007024        0.013487        0.000182        0.057305       -0.017576
r                -2.612434        0.013343        0.000178        0.026502        0.278517
w                 0.236859        0.008368        0.000070        0.071054       -0.098754
y                -0.522532        0.013027        0.000170        0.064325        0.014599
T                -1.673086        0.015639        0.000245        0.056693        0.064484


CORRELATION OF SIMULATED VARIABLES (HP filter, lambda = 1600)
VARIABLE          C       cm       ch        k       km       kh        x       xm       xh        l       hm       hh       zm       zh        r        w        y        T
C            1.0000   0.9362   0.9646   0.5228   0.5111   0.4901   0.9501   0.7935   0.7140  -0.9299   0.9230  -0.7266   0.9637   0.9620   0.8582   0.9944   0.9778   0.9667
cm           0.9362   1.0000   0.8103   0.6686   0.7201   0.5427   0.8412   0.7338   0.5969  -0.8012   0.8612  -0.8465   0.8640   0.8261   0.7093   0.9314   0.9147   0.8877
ch           0.9646   0.8103   1.0000   0.3699   0.3118   0.4099   0.9526   0.7722   0.7423  -0.9489   0.8924  -0.5761   0.9583   0.9839   0.8984   0.9588   0.9437   0.9455
k            0.5228   0.6686   0.3699   1.0000   0.9686   0.9491   0.2381   0.1798   0.2005  -0.1765   0.2195  -0.2858   0.2819   0.2796   0.0129   0.4493   0.3692   0.3099
km           0.5111   0.7201   0.3118   0.9686   1.0000   0.8410   0.2471   0.2461   0.1409  -0.1799   0.2682  -0.4402   0.2923   0.2578   0.0301   0.4548   0.3907   0.3308
kh           0.4901   0.5427   0.4099   0.9491   0.8410   1.0000   0.2052   0.0795   0.2579  -0.1562   0.1378  -0.0642   0.2431   0.2818  -0.0100   0.4016   0.3086   0.2553
x            0.9501   0.8412   0.9526   0.2381   0.2471   0.2052   1.0000   0.8220   0.7664  -0.9975   0.9858  -0.7649   0.9981   0.9913   0.9724   0.9742   0.9880   0.9954
xm           0.7935   0.7338   0.7722   0.1798   0.2461   0.0795   0.8220   1.0000   0.2642  -0.8146   0.8212  -0.6787   0.8429   0.8068   0.8351   0.8134   0.8242   0.8346
xh           0.7140   0.5969   0.7423   0.2005   0.1409   0.2579   0.7664   0.2642   1.0000  -0.7706   0.7433  -0.5300   0.7397   0.7688   0.7050   0.7324   0.7435   0.7444
l           -0.9299  -0.8012  -0.9489  -0.1765  -0.1799  -0.1562  -0.9975  -0.8146  -0.7706   1.0000  -0.9793   0.7371  -0.9925  -0.9898  -0.9842  -0.9572  -0.9747  -0.9864
hm           0.9230   0.8612   0.8924   0.2195   0.2682   0.1378   0.9858   0.8212   0.7433  -0.9793   1.0000  -0.8585   0.9832   0.9558   0.9595   0.9585   0.9831   0.9891
hh          -0.7266  -0.8465  -0.5761  -0.2858  -0.4402  -0.0642  -0.7649  -0.6787  -0.5300   0.7371  -0.8585   1.0000  -0.7689  -0.6844  -0.7109  -0.7760  -0.8138  -0.8040
zm           0.9637   0.8640   0.9583   0.2819   0.2923   0.2431   0.9981   0.8429   0.7397  -0.9925   0.9832  -0.7689   1.0000   0.9916   0.9628   0.9837   0.9931   0.9980
zh           0.9620   0.8261   0.9839   0.2796   0.2578   0.2818   0.9913   0.8068   0.7688  -0.9898   0.9558  -0.6844   0.9916   1.0000   0.9559   0.9745   0.9771   0.9835
r            0.8582   0.7093   0.8984   0.0129   0.0301  -0.0100   0.9724   0.8351   0.7050  -0.9842   0.9595  -0.7109   0.9628   0.9559   1.0000   0.8985   0.9296   0.9517
w            0.9944   0.9314   0.9588   0.4493   0.4548   0.4016   0.9742   0.8134   0.7324  -0.9572   0.9585  -0.7760   0.9837   0.9745   0.8985   1.0000   0.9945   0.9878
y            0.9778   0.9147   0.9437   0.3692   0.3907   0.3086   0.9880   0.8242   0.7435  -0.9747   0.9831  -0.8138   0.9931   0.9771   0.9296   0.9945   1.0000   0.9979
T            0.9667   0.8877   0.9455   0.3099   0.3308   0.2553   0.9954   0.8346   0.7444  -0.9864   0.9891  -0.8040   0.9980   0.9835   0.9517   0.9878   0.9979   1.0000


AUTOCORRELATION OF SIMULATED VARIABLES (HP filter, lambda = 1600)
VARIABLE          1        2        3        4        5
C            0.7650   0.5370   0.3549   0.1978   0.0605
cm           0.8091   0.6075   0.4390   0.2858   0.1405
ch           0.7462   0.5013   0.3101   0.1498   0.0186
k            0.9576   0.8560   0.7149   0.5496   0.3732
km           0.9448   0.8382   0.7002   0.5407   0.3701
kh           0.9305   0.8105   0.6632   0.4937   0.3196
x            0.7306   0.4798   0.2927   0.1360   0.0065
xm           0.4860   0.2935   0.1968   0.1023  -0.0093
xh           0.3788   0.2003   0.1653   0.0355  -0.0459
l            0.7279   0.4760   0.2883   0.1311   0.0025
hm           0.7356   0.4837   0.2983   0.1428   0.0120
hh           0.7874   0.5345   0.3501   0.1954   0.0595
zm           0.7333   0.4846   0.2971   0.1424   0.0116
zh           0.7328   0.4834   0.2946   0.1364   0.0072
r            0.7317   0.4828   0.2948   0.1412   0.0106
w            0.7524   0.5160   0.3326   0.1766   0.0420
y            0.7429   0.4992   0.3148   0.1594   0.0269
T            0.7367   0.4891   0.3031   0.1481   0.0167



VARIANCE DECOMPOSITION SIMULATING ONE SHOCK AT A TIME (in percent) (HP filter, lambda = 1600)
                    eh                em  Tot. lin. contr.
C                98.42              0.68             99.09
cm               82.52             12.61             95.14
ch              100.37              2.11            102.48
k                94.91              2.11             97.02
km               86.50              9.57             96.08
kh               88.92             10.13             99.05
x                96.66              1.53             98.19
xm               64.44             34.99             99.43
xh               58.49             40.83             99.32
l                97.73              0.88             98.60
hm               87.62              8.29             95.92
hh               39.80             53.03             92.83
zm               96.61              1.69             98.31
zh              100.11              0.00            100.11
r                96.72              1.64             98.36
w                96.23              1.89             98.11
y                93.54              3.71             97.25
T                94.27              3.21             97.48
Note: numbers do not add up to 100 due to non-zero correlation of simulated shocks in small samples

Total computing time : 0h00m05s
