Starting Dynare (version 5.3).
Calling Dynare with arguments: none
Starting preprocessing of the model file ...
Found 18 equation(s).
Evaluating expressions...done
Computing static model derivatives (order 1).
Computing dynamic model derivatives (order 1).
Processing outputs ...
done
Preprocessing completed.

    "Model with increased incentive to substitute between home and market (logs)"

    "The numbering of the equations is referenced to the P&P solutions."





Residuals of the static equations:

Equation number 1 : 0 : (113) Resource Constraint
Equation number 2 : 0 : (114) Household FOC w.r.t. hh
Equation number 3 : 0 : (115) Household FOC w.r.t. hm
Equation number 4 : 0 : (116) Household FOC w.r.t. kh
Equation number 5 : 0 : (117) Household FOC w.r.t. km
Equation number 6 : 0 : (118) Firm FOC w.r.t. km
Equation number 7 : 0 : (119) Firm FOC w.r.t. hm
Equation number 8 : 0 : (120) Market Output
Equation number 9 : 0 : (121) Total Consumption
Equation number 10 : 0 : (122) Leisure
Equation number 11 : 0 : (123) Home production
Equation number 12 : 0 : (124) Market Investments
Equation number 13 : 0 : (125) Home Investments
Equation number 14 : 0 : (126) Total Investments
Equation number 15 : 0 : (127) Total Capital
Equation number 16 : 0 : (128) Government Transfer
Equation number 17 : 0 : (129) Market Technology
Equation number 18 : 0 : (130) Home Technology



STEADY-STATE RESULTS:

C  		 -0.720698
cm 		 -0.822625
ch 		 -0.586307
l  		 -0.867501
hm 		 -1.10866
hh 		 -1.38629
k  		 1.66694
km 		 0.856215
kh 		 1.079
x  		 -1.90241
xm 		 -2.71314
xh 		 -2.49036
r  		 -2.60923
T  		 -1.68009
w  		 0.229753
y  		 -0.530203
zm 		 0
zh 		 0

EIGENVALUES:
         Modulus             Real        Imaginary

       1.325e-14       -1.325e-14                0
            0.95             0.95                0
            0.95             0.95                0
          0.9588           0.9588                0
           1.119            1.119                0
       9.549e+13        9.549e+13                0
             Inf              Inf                0
             Inf              Inf                0


There are 4 eigenvalue(s) larger than 1 in modulus 
for 4 forward-looking variable(s)

The rank condition is verified.

MODEL_DIAGNOSTICS:  No obvious problems with this mod-file were detected.
                                          Information about Model3_log (dynamic model)

The following variables appear with a lag and are therefore states:
km(-1)
kh(-1)
zm(-1)
zh(-1)

The following variables appear with a lead and are therefore forward-looking variables:
C(1)
cm(1)
ch(1)
r(1)

The following variables do not appear with a lead or lag and are therefore purely static variables:
l
hm
hh
k
x
xm
xh
T
w
y


MODEL SUMMARY

  Number of variables:         18
  Number of stochastic shocks: 2
  Number of state variables:   4
  Number of jumpers:           4
  Number of static variables:  10


MATRIX OF COVARIANCE OF EXOGENOUS SHOCKS
Variables          eh        em
eh           0.000098  0.000000
em           0.000000  0.000098

POLICY AND TRANSITION FUNCTIONS
                                   C              cm              ch               k              km              kh               x              xm              xh               l              hm              hh              zm              zh               r               w               y               T
Constant                   -0.720698       -0.822625       -0.586307        1.666945        0.856215        1.078998       -1.902411       -2.713141       -2.490358       -0.867501       -1.108663       -1.386294               0               0       -2.609234        0.229753       -0.530203       -1.680092
km(-1)                      0.115658        0.272531       -0.081645        0.453441        0.501918        0.414645        0.762165      -16.761425       14.786094       -0.041945        0.144950       -0.120866               0               0       -0.603324        0.251727        0.396676        0.271299
kh(-1)                      0.304396        0.182329        0.457922        0.499640        0.553056        0.456892       -1.435278       19.721770      -18.367022        0.136106       -0.322860        0.197516               0               0       -0.227810        0.095050       -0.227810       -0.275151
zm(-1)                      0.203968        0.533041       -0.209911        0.062925        0.391790       -0.200261        2.243896       13.971094       -7.141246       -0.145197        0.420213       -0.310749        0.950000               0        0.966822        0.546609        0.966822        1.167739
zh(-1)                      0.225574       -0.194052        0.753344        0.010807       -0.202605        0.181599        0.385391       -7.224813        6.475750       -0.045869       -0.066803        0.165240               0        0.950000       -0.047136        0.019667       -0.047136       -0.056932
eh                          0.237446       -0.204265        0.792994        0.011376       -0.213268        0.191157        0.405675       -7.605066        6.816579       -0.048283       -0.070319        0.173936               0        1.000000       -0.049617        0.020702       -0.049617       -0.059928
em                          0.214703        0.561096       -0.220959        0.066237        0.412411       -0.210802        2.361996       14.706415       -7.517101       -0.152839        0.442329       -0.327104        1.000000               0        1.017708        0.575378        1.017708        1.229199


MOMENTS OF SIMULATED VARIABLES (HP filter, lambda = 1600)
VARIABLE              MEAN       STD. DEV.        VARIANCE        SKEWNESS        KURTOSIS
C                -0.727476        0.004608        0.000021        0.223111        0.252501
cm               -0.837638        0.008083        0.000065       -0.061527       -0.109662
ch               -0.582725        0.012236        0.000150        0.110269       -0.145682
k                 1.649222        0.004053        0.000016        0.246990       -0.307295
km                0.832165        0.007360        0.000054        0.037105       -0.044579
kh                1.066338        0.004942        0.000024        0.233101       -0.388492
x                -1.919520        0.036181        0.001309       -0.115059       -0.205699
xm               -2.736802        0.144889        0.020993       -0.007359        0.065986
xh               -2.502224        0.107339        0.011522        0.014709       -0.125087
l                -0.867274        0.002482        0.000006        0.132899       -0.175851
hm               -1.112262        0.007033        0.000049       -0.152477       -0.218183
hh               -1.381924        0.005665        0.000032        0.142776       -0.135349
zm               -0.008392        0.012529        0.000157       -0.071352       -0.172101
zh                0.007024        0.013487        0.000182        0.057305       -0.017576
r                -2.600717        0.012175        0.000148       -0.111796       -0.151059
w                 0.217807        0.007952        0.000063       -0.021977       -0.181894
y                -0.545748        0.014741        0.000217       -0.091798       -0.206679
T                -1.693867        0.016985        0.000288       -0.100804       -0.211038


CORRELATION OF SIMULATED VARIABLES (HP filter, lambda = 1600)
VARIABLE          C       cm       ch        k       km       kh        x       xm       xh        l       hm       hh       zm       zh        r        w        y        T
C            1.0000   0.2924   0.6072   0.4746   0.2802   0.3667   0.5563   0.1355   0.1913  -0.5933   0.3035  -0.0607   0.5548   0.7957   0.4364   0.5953   0.4659   0.4694
cm           0.2924   1.0000  -0.5822   0.4609   0.9233  -0.4200   0.8740   0.4898   0.0013  -0.8106   0.9457  -0.9533   0.8939  -0.3054   0.7480   0.9306   0.9532   0.9387
ch           0.6072  -0.5822   1.0000   0.0205  -0.5290   0.6607  -0.2532  -0.2918   0.1615   0.1690  -0.5277   0.7405  -0.2711   0.9302  -0.2505  -0.2671  -0.3959  -0.3809
k            0.4746   0.4609   0.0205   1.0000   0.7389   0.5958   0.2582  -0.1166   0.2826  -0.1933   0.2219  -0.2214   0.2555   0.0438  -0.0766   0.4514   0.3494   0.2918
km           0.2802   0.9233  -0.5290   0.7389   1.0000  -0.1009   0.6807   0.3312   0.0552  -0.5942   0.7602  -0.8085   0.7038  -0.3465   0.4623   0.8135   0.8015   0.7645
kh           0.3667  -0.4200   0.6607   0.5958  -0.1009   1.0000  -0.4300  -0.5669   0.3515   0.4229  -0.5785   0.6368  -0.4616   0.4776  -0.6640  -0.3031  -0.4395  -0.4804
x            0.5563   0.8740  -0.2532   0.2582   0.6807  -0.4300   1.0000   0.4082   0.1659  -0.9930   0.9553  -0.8348   0.9831   0.1068   0.9034   0.9718   0.9800   0.9852
xm           0.1355   0.4898  -0.2918  -0.1166   0.3312  -0.5669   0.4082   1.0000  -0.8325  -0.3729   0.4478  -0.4595   0.5622  -0.1880   0.6876   0.4464   0.4545   0.4969
xh           0.1913   0.0013   0.1615   0.2826   0.0552   0.3515   0.1659  -0.8325   1.0000  -0.1998   0.0959  -0.0102  -0.0107   0.2679  -0.1946   0.1075   0.1038   0.0611
l           -0.5933  -0.8106   0.1690  -0.1933  -0.5942   0.4229  -0.9930  -0.3729  -0.1998   1.0000  -0.9233   0.7772  -0.9674  -0.1981  -0.9083  -0.9439  -0.9497  -0.9596
hm           0.3035   0.9457  -0.5277   0.2219   0.7602  -0.5785   0.9553   0.4478   0.0959  -0.9233   1.0000  -0.9592   0.9461  -0.1905   0.8695   0.9352   0.9816   0.9815
hh          -0.0607  -0.9533   0.7405  -0.2214  -0.8085   0.6368  -0.8348  -0.4595  -0.0102   0.7772  -0.9592   1.0000  -0.8385   0.4580  -0.7563  -0.8380  -0.9097  -0.9022
zm           0.5548   0.8939  -0.2711   0.2555   0.7038  -0.4616   0.9831   0.5622  -0.0107  -0.9674   0.9461  -0.8385   1.0000   0.0705   0.9391   0.9756   0.9777   0.9884
zh           0.7957  -0.3054   0.9302   0.0438  -0.3465   0.4776   0.1068  -0.1880   0.2679  -0.1981  -0.1905   0.4580   0.0705   1.0000   0.0801   0.0600  -0.0585  -0.0389
r            0.4364   0.7480  -0.2505  -0.0766   0.4623  -0.6640   0.9034   0.6876  -0.1946  -0.9083   0.8695  -0.7563   0.9391   0.0801   1.0000   0.8407   0.8683   0.9026
w            0.5953   0.9306  -0.2671   0.4514   0.8135  -0.3031   0.9718   0.4464   0.1075  -0.9439   0.9352  -0.8380   0.9756   0.0600   0.8407   1.0000   0.9856   0.9807
y            0.4659   0.9532  -0.3959   0.3494   0.8015  -0.4395   0.9800   0.4545   0.1038  -0.9497   0.9816  -0.9097   0.9777  -0.0585   0.8683   0.9856   1.0000   0.9973
T            0.4694   0.9387  -0.3809   0.2918   0.7645  -0.4804   0.9852   0.4969   0.0611  -0.9596   0.9815  -0.9022   0.9884  -0.0389   0.9026   0.9807   0.9973   1.0000


AUTOCORRELATION OF SIMULATED VARIABLES (HP filter, lambda = 1600)
VARIABLE          1        2        3        4        5
C            0.7664   0.5508   0.3821   0.2362   0.0958
cm           0.7725   0.5457   0.3812   0.2244   0.0981
ch           0.7820   0.5194   0.3107   0.1384   0.0017
k            0.9649   0.8777   0.7558   0.6129   0.4595
km           0.8403   0.6761   0.5332   0.3840   0.2515
kh           0.8082   0.6181   0.4657   0.3056   0.1703
x            0.7795   0.5196   0.3376   0.1826   0.0495
xm           0.0091  -0.0796   0.0272  -0.0490  -0.0425
xh           0.0003  -0.0923   0.0172  -0.0641  -0.0501
l            0.7753   0.5133   0.3314   0.1781   0.0452
hm           0.7996   0.5324   0.3386   0.1732   0.0385
hh           0.8018   0.5355   0.3361   0.1645   0.0304
zm           0.7139   0.4733   0.3185   0.1727   0.0499
zh           0.7328   0.4834   0.2946   0.1364   0.0072
r            0.6505   0.4213   0.2900   0.1522   0.0389
w            0.7708   0.5386   0.3748   0.2249   0.0945
y            0.7823   0.5310   0.3525   0.1953   0.0635
T            0.7631   0.5114   0.3375   0.1825   0.0532



VARIANCE DECOMPOSITION SIMULATING ONE SHOCK AT A TIME (in percent) (HP filter, lambda = 1600)
                    eh                em  Tot. lin. contr.
C                59.51             36.52             96.03
cm               13.68             91.05            104.72
ch               92.75             12.87            105.62
k                 0.16            100.22            100.38
km               15.29             88.41            103.70
kh               27.26             77.62            104.88
x                 1.32             97.90             99.22
xm               25.85             80.13            105.98
xh               38.24             66.08            104.32
l                 3.16             94.61             97.77
hm                8.51             95.14            103.65
hh               28.68             78.18            106.85
zm                0.00            100.11            100.11
zh              100.11              0.00            100.11
r                 0.44            100.02            100.46
w                 0.18             99.93            100.11
y                 2.36             99.38            101.74
T                 1.61             99.88            101.49
Note: numbers do not add up to 100 due to non-zero correlation of simulated shocks in small samples

Total computing time : 0h00m05s
